# Live2D Animator Motion Data
$fps=30

$fadein=1000

$fadeout=1000

PARAM_ANGLE_X=0,-0.11,-0.43,-0.94,-1.62,-2.43,-3.38,-4.43,-5.57,-6.77,-8.01,-9.28,-10.55,-11.8,-12.98,-14.13,-15.2,-16.16,-17,-17.78,-18.48,-19.14,-19.74,-20.29,-20.79,-21.25,-21.65,-22.02,-22.34,-22.62,-22.88,-23.09,-23.28,-23.44,-23.58,-23.69,-23.78,-23.85,-23.9,-23.94,-23.97,-23.988,-23.997,-24,-23.96,-23.84,-23.64,-23.37,-23.03,-22.64,-22.19,-21.7,-21.16,-20.59,-19.99,-19.35,-18.71,-18.04,-17.36,-16.67,-15.99,-15.32,-14.64,-13.98,-13.34,-12.71,-12.12,-11.54,-11,-10.43,-9.91,-9.43,-8.99,-8.59,-8.23,-7.9,-7.61,-7.35,-7.12,-6.92,-6.74,-6.59,-6.47,-6.36,-6.27,-6.19,-6.14,-6.09,-6.06,-6.03,-6.016,-6.006,-6.001,-6,-6.04,-6.16,-6.34,-6.59,-6.89,-7.24,-7.64,-8.06,-8.51,-8.98,-9.45,-9.94,-10.42,-10.9,-11.36,-11.8,-12.21,-12.6,-12.95,-13.25,-13.51,-13.72,-13.87,-13.97,-14,-13.95,-13.82,-13.61,-13.32,-12.96,-12.54,-12.07,-11.55,-10.98,-10.38,-9.73,-9.07,-8.39,-7.7,-7,-6.3,-5.61,-4.93,-4.27,-3.62,-3.02,-2.45,-1.93,-1.46,-1.04,-0.68,-0.39,-0.18,-0.05,0,0,0,0,0,0,0,0,0,0,0,0,0,0,0,0,0,0,0,0,0
PARAM_ANGLE_Y=0,-0.1,-0.38,-0.82,-1.39,-2.07,-2.85,-3.69,-4.59,-5.5,-6.41,-7.31,-8.15,-8.93,-9.61,-10.18,-10.62,-10.9,-11,-10.92,-10.71,-10.36,-9.89,-9.32,-8.67,-7.93,-7.14,-6.3,-5.41,-4.53,-3.61,-2.71,-1.82,-0.95,-0.12,0.65,1.37,2.02,2.6,3.08,3.47,3.76,3.94,4,3.97,3.88,3.74,3.53,3.28,2.97,2.6,2.19,1.72,1.21,0.66,0.06,-0.58,-1.27,-1.99,-2.76,-3.55,-4.38,-5.24,-6.14,-7.06,-8.01,-8.98,-9.98,-11,-12.14,-13.2,-14.22,-15.18,-16.09,-16.93,-17.73,-18.47,-19.16,-19.8,-20.37,-20.92,-21.4,-21.84,-22.24,-22.6,-22.9,-23.17,-23.4,-23.59,-23.74,-23.86,-23.94,-23.98,-24,-23.985,-23.94,-23.87,-23.76,-23.62,-23.46,-23.25,-23.02,-22.75,-22.45,-22.13,-21.76,-21.36,-20.93,-20.46,-19.95,-19.43,-18.86,-18.26,-17.63,-16.96,-16.27,-15.55,-14.79,-14,-13.15,-12.32,-11.5,-10.72,-9.95,-9.21,-8.5,-7.82,-7.16,-6.52,-5.91,-5.33,-4.77,-4.24,-3.75,-3.28,-2.84,-2.43,-2.05,-1.7,-1.38,-1.1,-0.85,-0.62,-0.44,-0.28,-0.16,-0.07,-0.02,0,0,0,0,0,0,0,0,0,0,0,0,0,0,0,0,0,0,0,0,0
PARAM_ANGLE_Z=0,-0.12,-0.45,-0.97,-1.65,-2.45,-3.36,-4.36,-5.42,-6.5,-7.58,-8.64,-9.64,-10.55,-11.35,-12.03,-12.55,-12.88,-13,-12.993,-12.97,-12.93,-12.88,-12.8,-12.71,-12.59,-12.45,-12.29,-12.1,-11.9,-11.66,-11.4,-11.11,-10.79,-10.44,-10.07,-9.67,-9.23,-8.77,-8.28,-7.75,-7.2,-6.61,-6,-5.29,-4.6,-3.9,-3.22,-2.55,-1.9,-1.26,-0.64,-0.05,0.52,1.05,1.57,2.05,2.5,2.92,3.31,3.65,3.96,4.23,4.46,4.66,4.81,4.91,4.98,5,4.993,4.972,4.94,4.89,4.83,4.75,4.66,4.56,4.44,4.31,4.18,4.02,3.85,3.68,3.49,3.28,3.07,2.85,2.61,2.37,2.11,1.85,1.58,1.29,1,0.67,0.36,0.06,-0.22,-0.49,-0.74,-0.99,-1.22,-1.43,-1.63,-1.81,-1.98,-2.14,-2.28,-2.41,-2.52,-2.63,-2.72,-2.79,-2.86,-2.91,-2.95,-2.98,-2.994,-3,-2.99,-2.96,-2.92,-2.85,-2.78,-2.69,-2.59,-2.47,-2.35,-2.22,-2.09,-1.94,-1.8,-1.65,-1.5,-1.35,-1.2,-1.06,-0.91,-0.78,-0.65,-0.53,-0.41,-0.31,-0.22,-0.15,-0.08,-0.04,-0.01,0,0,0,0,0,0,0,0,0,0,0,0,0,0,0,0,0,0,0,0,0
PARAM_BROW_L_Y=0
PARAM_BROW_R_Y=0
PARAM_BROW_L_X=0
PARAM_BROW_R_X=0
PARAM_eyebrow Change=0
PARAM_eyebrow2 Rotate=0
PARAM_EYE_L_OPEN=1,0.998,0.992,0.984,0.972,0.959,0.943,0.926,0.908,0.89,0.872,0.854,0.837,0.821,0.808,0.796,0.788,0.782,0.78,0.78,0.78,0.78,0.78,0.78,0.78,0.78,0.78,0.78,0.78,0.78,0.78,0.78,0.78,0.78,0.78,0.78,0.78,0.78,0.78,0.78,0.78,0.78,0.78,0.78,0.78,0.78,0.78,0.78,0.78,0.78,0.78,0.78,0.21,0,0.2,0.58,0.78,0.21,0,0.2,0.58,0.78,0.78,0.78,0.78,0.78,0.78,0.78,0.78,0.78,0.78,0.78,0.78,0.78,0.78,0.78,0.78,0.78,0.78,0.78,0.78,0.78,0.78,0.78,0.78,0.78,0.78,0.78,0.78,0.78,0.21,0,0.2,0.58,0.78,0.78,0.78,0.78,0.78,0.78,0.78,0.78,0.78,0.78,0.78,0.78,0.78,0.78,0.78,0.78,0.78,0.78,0.78,0.78,0.78,0.78,0.78,0.78,0.78,0.782,0.786,0.792,0.8,0.808,0.815,0.821,0.826,0.827,0.23,0,0.26,0.74,1,1,1,1,1,1,1,1,1,1,1,1,1,1,1,1,1,1,1,1,1,1,1,1,1,1,1,1,1,1,1,1,1,1,1,1,1
PARAM_EYE_R_OPEN=1,0.998,0.993,0.984,0.973,0.961,0.946,0.929,0.912,0.895,0.878,0.861,0.844,0.829,0.817,0.806,0.797,0.792,0.79,0.79,0.79,0.79,0.79,0.79,0.79,0.79,0.79,0.79,0.79,0.79,0.79,0.79,0.79,0.79,0.79,0.79,0.79,0.79,0.79,0.79,0.79,0.79,0.79,0.79,0.79,0.79,0.79,0.79,0.79,0.79,0.79,0.79,0.22,0,0.21,0.58,0.79,0.22,0,0.21,0.58,0.79,0.79,0.79,0.79,0.79,0.79,0.79,0.79,0.79,0.79,0.79,0.79,0.79,0.79,0.79,0.79,0.79,0.79,0.79,0.79,0.79,0.79,0.79,0.79,0.79,0.79,0.79,0.79,0.79,0.22,0,0.21,0.58,0.79,0.79,0.79,0.79,0.79,0.79,0.79,0.79,0.79,0.79,0.79,0.79,0.79,0.79,0.79,0.79,0.79,0.79,0.79,0.79,0.79,0.79,0.79,0.79,0.79,0.792,0.796,0.802,0.809,0.816,0.824,0.83,0.834,0.835,0.23,0,0.26,0.74,1,1,1,1,1,1,1,1,1,1,1,1,1,1,1,1,1,1,1,1,1,1,1,1,1,1,1,1,1,1,1,1,1,1,1,1,1
PARAM_Smile eye=0
PARAM_Angry eye=0
PARAM_EYE_BALL_X=0,0,0,0,0,0,0,0,0,0,0,0,0,0,0,0,0,0,0,0,0,0,0,0,0,0,0,0,0,0,0,0,0,0,0,0.005,0.019,0.04,0.07,0.11,0.15,0.19,0.24,0.29,0.35,0.4,0.46,0.51,0.57,0.63,0.68,0.72,0.77,0.8,0.84,0.87,0.9,0.92,0.939,0.956,0.97,0.981,0.99,0.996,0.999,1,0.98,0.91,0.81,0.68,0.54,0.39,0.23,0.09,-0.04,-0.14,-0.21,-0.23,-0.23,-0.23,-0.23,-0.23,-0.23,-0.23,-0.23,-0.23,-0.23,-0.23,-0.23,-0.23,-0.209,-0.15,-0.07,0.02,0.12,0.21,0.29,0.35,0.37,0.37,0.37,0.37,0.37,0.37,0.37,0.37,0.37,0.37,0.37,0.37,0.357,0.32,0.27,0.22,0.15,0.1,0.05,0.01,0,0,0,0,0,0,0,0,0,0,0,0,0,0,0,0,0,0,0,0,0,0,0,0,0,0,0,0,0,0,0,0,0,0,0,0,0,0,0,0,0,0,0,0,0,0,0,0,0,0,0
PARAM_EYE_BALL_Y=0,0,0,0,0,0,0,0,0,0,0,0,0,0,0,0,0,0,0,0,0,0,0,0,0,0,0,0,0,0,0,0,0,0,0,-0.01,-0.04,-0.08,-0.13,-0.18,-0.24,-0.3,-0.36,-0.4,-0.44,-0.47,-0.493,-0.5,-0.5,-0.499,-0.497,-0.495,-0.492,-0.49,-0.487,-0.483,-0.48,-0.477,-0.473,-0.47,-0.468,-0.465,-0.463,-0.461,-0.46,-0.46,-0.46,-0.46,-0.46,-0.46,-0.46,-0.46,-0.46,-0.46,-0.46,-0.46,-0.46,-0.46,-0.46,-0.46,-0.46,-0.46,-0.46,-0.46,-0.46,-0.46,-0.46,-0.46,-0.46,-0.46,-0.449,-0.42,-0.37,-0.32,-0.27,-0.22,-0.17,-0.14,-0.13,-0.13,-0.13,-0.13,-0.13,-0.13,-0.13,-0.13,-0.13,-0.13,-0.13,-0.13,-0.126,-0.114,-0.096,-0.08,-0.05,-0.03,-0.016,-0.004,0,0,0,0,0,0,0,0,0,0,0,0,0,0,0,0,0,0,0,0,0,0,0,0,0,0,0,0,0,0,0,0,0,0,0,0,0,0,0,0,0,0,0,0,0,0,0,0,0,0,0
PARAM_MOUTH_FORM=0
PARAM_MOUTH_OPEN_Y=0,0,0,0,0,0,0,0,0,0,0,0,0,0,0,0,0,0,0,0,0,0,0,0,0,0,0,0,0,0,0,0,0,0,0,0,0,0,0,0,0,0,0,0,0,0,0,0,0,0,0,0,0,0,0,0,0,0,0.24,0.63,0.9,0.99,0.95,0.86,0.75,0.63,0.53,0.44,0.38,0.36,0.41,0.52,0.66,0.8,0.91,0.98,1,0.93,0.79,0.62,0.43,0.27,0.13,0.03,0,0,0,0,0,0,0,0,0,0,0,0,0,0,0,0,0,0,0,0,0,0,0,0,0,0,0,0,0,0,0,0,0,0,0,0,0,0,0,0,0,0,0,0,0,0,0,0,0,0,0,0,0,0,0,0,0,0,0,0,0,0,0,0,0,0,0,0,0,0,0,0,0,0,0,0,0,0,0,0,0,0,0,0,0
PARAM_Mouth=0,0,0,0,0,0,0,0,0,0,0,0,0,0,0,0,0,0,0,0,0,0,0,0,0,0,0,0,0,0,0,0,0,0,0,0,0,0,0,0,0,0,0,0,0,0,0,0,0,0,0,0,0,0,0,0,0,0,0.24,0.64,0.91,1,1,1,1,1,1,1,1,1,1,1,1,1,1,1,1,0.93,0.79,0.62,0.43,0.27,0.13,0.03,0,0,0,0,0,0,0,0,0,0,0,0,0,0,0,0,0,0,0,0,0,0,0,0,0,0,0,0,0,0,0,0,0,0,0,0,0,0,0,0,0,0,0,0,0,0,0,0,0,0,0,0,0,0,0,0,0,0,0,0,0,0,0,0,0,0,0,0,0,0,0,0,0,0,0,0,0,0,0,0,0,0,0,0,0
PARAM_Mouth Angle=0
PARAM_CHEEK=1
PARAM_BODY_ANGLE_X=0,-0.09,-0.34,-0.74,-1.27,-1.88,-2.59,-3.36,-4.17,-5,-5.83,-6.64,-7.41,-8.12,-8.73,-9.26,-9.66,-9.91,-10,-9.96,-9.86,-9.7,-9.48,-9.22,-8.91,-8.57,-8.2,-7.8,-7.39,-6.98,-6.55,-6.13,-5.72,-5.31,-4.92,-4.56,-4.23,-3.92,-3.66,-3.43,-3.25,-3.11,-3.03,-3,-3.04,-3.14,-3.3,-3.52,-3.78,-4.09,-4.43,-4.8,-5.2,-5.61,-6.02,-6.45,-6.87,-7.28,-7.69,-8.08,-8.44,-8.77,-9.08,-9.34,-9.57,-9.75,-9.89,-9.97,-10,-9.96,-9.86,-9.7,-9.48,-9.22,-8.91,-8.57,-8.2,-7.8,-7.39,-6.98,-6.55,-6.13,-5.72,-5.31,-4.92,-4.56,-4.23,-3.92,-3.66,-3.43,-3.25,-3.11,-3.03,-3,-3.04,-3.14,-3.3,-3.52,-3.78,-4.09,-4.43,-4.8,-5.2,-5.61,-6.02,-6.45,-6.87,-7.28,-7.69,-8.08,-8.44,-8.77,-9.08,-9.34,-9.57,-9.75,-9.89,-9.97,-10,-9.97,-9.87,-9.72,-9.51,-9.26,-8.96,-8.62,-8.25,-7.84,-7.41,-6.95,-6.48,-5.99,-5.5,-5,-4.5,-4.01,-3.52,-3.05,-2.59,-2.16,-1.75,-1.38,-1.04,-0.74,-0.49,-0.28,-0.13,-0.03,0,0,0,0,0,0,0,0,0,0,0,0,0,0,0,0,0,0,0,0,0
PARAM_BODY_ANGLE_Z=0
PARAM_BREATH=0,0.003,0.012,0.025,0.043,0.064,0.09,0.11,0.14,0.17,0.2,0.23,0.25,0.28,0.297,0.315,0.328,0.337,0.34,0.34,0.338,0.337,0.334,0.331,0.327,0.323,0.318,0.313,0.308,0.302,0.296,0.289,0.283,0.276,0.269,0.263,0.256,0.249,0.242,0.235,0.229,0.222,0.216,0.21,0.204,0.201,0.2,0.199,0.198,0.196,0.192,0.187,0.178,0.168,0.157,0.145,0.132,0.118,0.105,0.091,0.078,0.065,0.053,0.041,0.031,0.022,0.014,0.008,0.004,0.001,0,0.004,0.015,0.032,0.05,0.08,0.1,0.13,0.16,0.19,0.22,0.24,0.27,0.29,0.304,0.317,0.326,0.329,0.33,0.328,0.327,0.325,0.323,0.321,0.318,0.315,0.311,0.307,0.303,0.298,0.293,0.287,0.282,0.276,0.269,0.262,0.255,0.248,0.24,0.232,0.224,0.216,0.207,0.198,0.189,0.179,0.17,0.16,0.15,0.14,0.129,0.12,0.111,0.102,0.093,0.085,0.078,0.07,0.064,0.057,0.051,0.045,0.04,0.035,0.03,0.026,0.022,0.018,0.015,0.012,0.01,0.007,0.005,0.004,0.002,0.001,0.001,0,0,0,0,0,0,0,0,0,0,0,0,0,0,0,0,0,0,0,0,0,0
PARAM_Bust Angle X=0
PARAM_Bust Angle Y=0
PARAM_Arm LT Angle=0
PARAM_Arm RT Angle=0
PARAM_Arm LB Agle=0,0.009,0.03,0.07,0.12,0.18,0.25,0.32,0.4,0.48,0.55,0.63,0.7,0.77,0.83,0.88,0.92,0.94,0.95,0.95,0.95,0.95,0.95,0.95,0.95,0.95,0.95,0.95,0.95,0.95,0.95,0.95,0.95,0.95,0.95,0.95,0.95,0.95,0.95,0.95,0.95,0.95,0.95,0.95,0.95,0.95,0.95,0.95,0.95,0.95,0.95,0.95,0.95,0.95,0.95,0.95,0.95,0.95,0.95,0.95,0.95,0.95,0.95,0.95,0.95,0.95,0.95,0.95,0.95,0.95,0.95,0.95,0.95,0.95,0.95,0.95,0.95,0.95,0.95,0.95,0.95,0.95,0.95,0.95,0.95,0.95,0.95,0.95,0.95,0.95,0.95,0.95,0.95,0.95,0.95,0.95,0.95,0.95,0.95,0.95,0.95,0.95,0.95,0.95,0.95,0.95,0.95,0.95,0.95,0.95,0.95,0.95,0.95,0.95,0.95,0.95,0.95,0.95,0.95,0.947,0.938,0.923,0.904,0.88,0.85,0.82,0.78,0.75,0.7,0.66,0.62,0.57,0.52,0.48,0.43,0.38,0.33,0.29,0.25,0.2,0.17,0.13,0.1,0.07,0.05,0.027,0.012,0.003,0,0,0,0,0,0,0,0,0,0,0,0,0,0,0,0,0,0,0,0,0
PARAM_Arm RB Agle=0,0.008,0.03,0.06,0.11,0.16,0.22,0.29,0.36,0.43,0.5,0.57,0.64,0.7,0.75,0.8,0.83,0.85,0.86,0.86,0.86,0.86,0.86,0.86,0.86,0.86,0.86,0.86,0.86,0.86,0.86,0.86,0.86,0.86,0.86,0.86,0.86,0.86,0.86,0.86,0.86,0.86,0.86,0.86,0.86,0.86,0.86,0.86,0.86,0.86,0.86,0.86,0.86,0.86,0.86,0.86,0.86,0.86,0.86,0.86,0.86,0.86,0.86,0.86,0.86,0.86,0.86,0.86,0.86,0.86,0.86,0.86,0.86,0.86,0.86,0.86,0.86,0.86,0.86,0.86,0.86,0.86,0.86,0.86,0.86,0.86,0.86,0.86,0.86,0.86,0.86,0.86,0.86,0.86,0.86,0.86,0.86,0.86,0.86,0.86,0.86,0.86,0.86,0.86,0.86,0.86,0.86,0.86,0.86,0.86,0.86,0.86,0.86,0.86,0.86,0.86,0.86,0.86,0.86,0.857,0.849,0.836,0.818,0.8,0.77,0.74,0.71,0.67,0.64,0.6,0.56,0.52,0.47,0.43,0.39,0.34,0.3,0.26,0.22,0.19,0.15,0.12,0.09,0.06,0.04,0.024,0.011,0.003,0,0,0,0,0,0,0,0,0,0,0,0,0,0,0,0,0,0,0,0,0
PARAM_Arm L hand=0,0.007,0.028,0.06,0.1,0.15,0.21,0.27,0.34,0.41,0.48,0.54,0.61,0.67,0.72,0.77,0.81,0.84,0.85,0.858,0.866,0.874,0.881,0.888,0.894,0.901,0.907,0.913,0.918,0.924,0.929,0.933,0.938,0.943,0.947,0.951,0.955,0.958,0.962,0.965,0.968,0.971,0.973,0.976,0.978,0.98,0.982,0.984,0.986,0.988,0.989,0.991,0.992,0.993,0.994,0.995,1,0.997,0.997,1,0.998,1,0.999,1,1,1,1,1,1,1,1,1,1,1,1,1,1,1,0.999,1,0.998,1,0.997,0.996,0.995,0.994,0.993,0.991,0.99,0.988,0.987,0.985,0.983,0.981,0.978,0.976,0.973,0.97,0.967,0.963,0.96,0.956,0.952,0.948,0.943,0.938,0.933,0.928,0.922,0.916,0.91,0.904,0.897,0.89,0.883,0.875,0.867,0.859,0.85,0.839,0.824,0.804,0.78,0.76,0.73,0.7,0.66,0.63,0.59,0.55,0.51,0.47,0.43,0.39,0.35,0.31,0.27,0.24,0.2,0.17,0.13,0.11,0.08,0.06,0.037,0.021,0.01,0.002,0,0,0,0,0,0,0,0,0,0,0,0,0,0,0,0,0,0,0,0,0
PARAM_Arm R hand=0,0.004,0.016,0.035,0.06,0.09,0.12,0.16,0.2,0.24,0.28,0.32,0.36,0.4,0.43,0.46,0.49,0.507,0.52,0.53,0.539,0.548,0.556,0.564,0.572,0.58,0.587,0.594,0.601,0.607,0.613,0.619,0.624,0.63,0.635,0.639,0.644,0.648,0.652,0.656,0.66,0.663,0.667,0.67,0.673,0.675,0.678,0.68,0.682,0.684,0.686,0.688,0.69,0.691,0.692,0.694,0.695,0.696,0.696,0.697,0.7,0.698,0.7,0.699,0.7,0.7,0.7,0.7,0.7,0.7,0.7,0.7,0.7,0.7,0.7,0.699,0.7,0.7,0.697,0.697,0.7,0.695,0.694,0.693,0.692,0.69,0.689,0.687,0.685,0.683,0.681,0.678,0.676,0.673,0.67,0.667,0.663,0.66,0.656,0.652,0.647,0.643,0.638,0.633,0.627,0.622,0.616,0.61,0.603,0.596,0.589,0.582,0.574,0.566,0.557,0.548,0.539,0.53,0.52,0.509,0.496,0.481,0.464,0.446,0.426,0.406,0.38,0.36,0.34,0.32,0.29,0.27,0.25,0.22,0.2,0.18,0.15,0.13,0.11,0.093,0.075,0.059,0.044,0.032,0.021,0.012,0.005,0.001,0,0,0,0,0,0,0,0,0,0,0,0,0,0,0,0,0,0,0,0,0
PARAM_Hair Twist L=0
PARAM_Hair Twist R=0
PARAM_Hairfront_vive=0,0,0,0,0,0,0,0,0,0,0,0,0,0,0,0,0,0,0,0,0,0,0,0,0,0,0,0,0,0,0,0,0,0,0,0,0,0,0,0,0,0,0,0,0,0,0,0,0,0,0,0,0,0,0,0,0,0,0,0,0,0,0,0,0,0,0,0,0,0,0,0,0,0,0,0,0,0,0,0,0,0,0,0,0,0,0,0,0,0,0,0,0,0,0,0,0,0,0,0,0,0,0,0,0,0,0,0,0,0,0,0,0,0,0,0,0,0,0,0,0,0,0,0,0,0,0,0,0,0,0,0,0,0,0,0,0,0,0,0,0,0,0,0,0,0,0,0,0,-0.02,-0.07,-0.14,-0.2,-0.26,-0.31,-0.35,-0.36,-0.32,-0.22,-0.1,0.02,0.13,0.23,0.29,0.31,0.23,0.11,0.03,0
PARAM_Hand L1=0,0,0,0,0,0,0,0,0,0,0,0,0,1,1,1,1,1,1,1,1,1,1,1,1,1,1,1,1,1,1,1,1,1,1,1,1,1,1,1,1,1,1,1,1,1,1,1,1,1,1,1,1,1,1,1,1,1,1,1,1,1,1,1,1,1,1,1,1,1,1,1,1,1,1,1,1,1,1,1,1,1,1,1,1,1,1,1,1,1,1,1,1,1,1,1,1,1,1,1,1,1,1,1,1,1,1,1,1,1,1,1,1,1,1,1,1,1,1,0.997,0.987,0.972,0.951,0.93,0.9,0.86,0.82,0.78,0.74,0.7,0.65,0.6,0.55,0.5,0.45,0.4,0.35,0.3,0.26,0.22,0.18,0.14,0.1,0.07,0.05,0.028,0.013,0.003,0,0,0,0,0,0,0,0,0,0,0,0,0,0,0,0,0,0,0,0,0
PARAM_Hand L2=0
PARAM_Hand L3=1,1,1,1,1,1,1,1,1,1,1,1,1,0,0,0,0,0,0,0,0,0,0,0,0,0,0,0,0,0,0,0,0,0,0,0,0,0,0,0,0,0,0,0,0,0,0,0,0,0,0,0,0,0,0,0,0,0,0,0,0,0,0,0,0,0,0,0,0,0,0,0,0,0,0,0,0,0,0,0,0,0,0,0,0,0,0,0,0,0,0,0,0,0,0,0,0,0,0,0,0,0,0,0,0,0,0,0,0,0,0,0,0,0,0,0,0,0,0,0.003,0.013,0.028,0.049,0.07,0.1,0.14,0.18,0.22,0.26,0.3,0.35,0.4,0.45,0.5,0.55,0.6,0.65,0.7,0.74,0.78,0.82,0.86,0.9,0.93,0.95,0.972,0.987,0.997,1,1,1,1,1,1,1,1,1,1,1,1,1,1,1,1,1,1,1,1,1
PARAM_HL4=0
PARAM_HL5=0
PARAM_HL6=0
PARAM_HL7=0
PARAM_Hand_L8=0
PARAM_Hand_L9=0
PARAM_Hand R1=0,0,0,0,0,0,0,0,0,0,0,0,0,1,1,1,1,1,1,1,1,1,1,1,1,1,1,1,1,1,1,1,1,1,1,1,1,1,1,1,1,1,1,1,1,1,1,1,1,1,1,1,1,1,1,1,1,1,1,1,1,1,1,1,1,1,1,1,1,1,1,1,1,1,1,1,1,1,1,1,1,1,1,1,1,1,1,1,1,1,1,1,1,1,1,1,1,1,1,1,1,1,1,1,1,1,1,1,1,1,1,1,1,1,1,1,1,1,1,0.997,0.987,0.972,0.951,0.93,0.9,0.86,0.82,0.78,0.74,0.7,0.65,0.6,0.55,0.5,0.45,0.4,0.35,0.3,0.26,0.22,0.18,0.14,0.1,0.07,0.05,0.028,0.013,0.003,0,0,0,0,0,0,0,0,0,0,0,0,0,0,0,0,0,0,0,0,0
PARAM_Hand R2=0
PARAM_Hand R3=1,1,1,1,1,1,1,1,1,1,1,1,1,0,0,0,0,0,0,0,0,0,0,0,0,0,0,0,0,0,0,0,0,0,0,0,0,0,0,0,0,0,0,0,0,0,0,0,0,0,0,0,0,0,0,0,0,0,0,0,0,0,0,0,0,0,0,0,0,0,0,0,0,0,0,0,0,0,0,0,0,0,0,0,0,0,0,0,0,0,0,0,0,0,0,0,0,0,0,0,0,0,0,0,0,0,0,0,0,0,0,0,0,0,0,0,0,0,0,0.003,0.013,0.028,0.049,0.07,0.1,0.14,0.18,0.22,0.26,0.3,0.35,0.4,0.45,0.5,0.55,0.6,0.65,0.7,0.74,0.78,0.82,0.86,0.9,0.93,0.95,0.972,0.987,0.997,1,1,1,1,1,1,1,1,1,1,1,1,1,1,1,1,1,1,1,1,1
PARAM_HR4=0
PARAM_HR5=0
PARAM_HR6=0
PARAM_HR7=0
PARAM_Hand_R8=0
PARAM_Hand_R9=0
PARAM_moveX=0
PARAM_moveY=0
PARAM_bodyS=0
PARAM_shangxia=0
PARAM_eyeFX=0
PARAM_deng_moveX=0
PARAM_deng_moveY=46
PARAM_deng_qiehuan=0
PARAM_dengguang=0
PARAM_arm_LFX=0
PARAM_dengxianshi=1