# Live2D Animator Motion Data
$fps=30

PARAM_ANGLE_X=0,0,0,0,0,0,0,0,0,0,0.24,0.89,1.82,2.93,4.07,5.18,6.11,6.76,7,6.91,6.66,6.27,5.75,5.14,4.44,3.69,2.91,2.11,1.31,0.51,-0.26,-1,-1.84,-2.49,-3,-3.37,-3.63,-3.8,-3.91,-3.97,-3.99,-4,-3.92,-3.73,-3.44,-3.08,-2.68,-2.26,-1.84,-1.43,-1.05,-0.71,-0.42,-0.2,-0.05,0,0,0,0,0,0,0,0,0,0,0,0,0,0,0,0
PARAM_ANGLE_Y=0,0,0,0,0,0,0,0,0,0,-0.31,-1.14,-2.34,-3.76,-5.24,-6.66,-7.86,-8.69,-9,-9.001,-9,-8.997,-8.983,-8.96,-8.91,-8.85,-8.77,-8.67,-8.54,-8.38,-8.2,-8,-7.33,-6.04,-4.31,-2.4,-0.45,1.34,2.87,4.02,4.75,5,4.9,4.66,4.29,3.85,3.35,2.83,2.3,1.79,1.31,0.88,0.53,0.24,0.06,0,0,0,0,0,0,0,0,0,0,0,0,0,0,0,0
PARAM_ANGLE_Z=0,0,0,0,0,0,0,0,0,0,-0.49,-1.83,-3.85,-6.36,-9.14,-12.1,-15.01,-17.71,-20,-21.89,-23.47,-24.83,-25.94,-26.83,-27.54,-28.08,-28.47,-28.73,-28.9,-28.98,-29,-28.88,-28.53,-27.98,-27.23,-26.31,-25.22,-23.92,-22.49,-20.84,-19.03,-17,-14.44,-12.17,-10.14,-8.3,-6.67,-5.25,-4.01,-2.94,-2.04,-1.3,-0.74,-0.33,-0.08,0,0,0,0,0,0,0,0,0,0,0,0,0,0,0,0
PARAM_BROW_L_Y=0
PARAM_BROW_R_Y=0
PARAM_BROW_L_X=0
PARAM_BROW_R_X=0
PARAM_eyebrow Change=0
PARAM_eyebrow2 Rotate=0
PARAM_EYE_L_OPEN=1,0.76,0.36,0.09,0,0.18,0.46,0.73,0.92,1,1,1,1,1,1,1,1,1,1,1,1,1,1,1,1,1,1,1,1,1,1,1,1,1,1,1,1,1,1,1,1,1,1,1,0.27,0,0.26,0.74,1,1,1,1,1,1,1,1,1,1,1,1,1,1,1,1,1,1,1,1,1,1,1
PARAM_EYE_R_OPEN=1,0.76,0.36,0.09,0,0.18,0.46,0.73,0.92,1,0.97,0.87,0.74,0.58,0.42,0.26,0.13,0.03,0,0,0,0,0,0,0,0,0,0,0,0,0,0,0,0,0,0,0,0,0,0,0,0,0,0,0,0,0.26,0.74,1,1,1,1,1,1,1,1,1,1,1,1,1,1,1,1,1,1,1,1,1,1,1
PARAM_Smile eye=1
PARAM_Angry eye=0
PARAM_EYE_BALL_X=0,0,0,0,0,0,0,0,0,0,-0.01,-0.04,-0.08,-0.12,-0.17,-0.21,-0.25,-0.28,-0.29,-0.288,-0.283,-0.274,-0.264,-0.251,-0.236,-0.22,-0.203,-0.184,-0.166,-0.147,-0.129,-0.11,-0.093,-0.076,-0.06,-0.046,-0.033,-0.022,-0.012,-0.006,-0.001,0,0,0,0,0,0,0,0,0,0,0,0,0,0,0,0,0,0,0,0,0,0,0,0,0,0,0,0,0,0
PARAM_EYE_BALL_Y=0,0,0,0,0,0,0,0,0,0,0.013,0.05,0.1,0.16,0.22,0.28,0.33,0.37,0.38,0.378,0.371,0.36,0.346,0.328,0.309,0.29,0.27,0.24,0.22,0.19,0.17,0.14,0.12,0.1,0.08,0.06,0.043,0.028,0.016,0.007,0.002,0,0,0,0,0,0,0,0,0,0,0,0,0,0,0,0,0,0,0,0,0,0,0,0,0,0,0,0,0,0
PARAM_MOUTH_FORM=0
PARAM_MOUTH_OPEN_Y=0,0,0,0,0,0,0,0,0,0,0.08,0.26,0.5,0.74,0.92,1,0.74,0.26,0,0.006,0.025,0.05,0.09,0.14,0.19,0.24,0.3,0.36,0.43,0.49,0.56,0.62,0.68,0.74,0.79,0.84,0.89,0.93,0.96,0.98,0.995,1,0.981,0.93,0.86,0.77,0.67,0.57,0.46,0.36,0.26,0.18,0.11,0.05,0.01,0,0,0,0,0,0,0,0,0,0,0,0,0,0,0,0
PARAM_Mouth=0,0,0,0,0,0,0,0,0,0,-0.08,-0.26,-0.5,-0.74,-0.92,-1,-0.74,-0.26,0,-0.006,-0.025,-0.05,-0.09,-0.14,-0.19,-0.24,-0.3,-0.36,-0.43,-0.49,-0.56,-0.62,-0.68,-0.74,-0.79,-0.84,-0.89,-0.93,-0.96,-0.98,-0.995,-1,-0.981,-0.93,-0.86,-0.77,-0.67,-0.57,-0.46,-0.36,-0.26,-0.18,-0.11,-0.05,-0.01,0,0,0,0,0,0,0,0,0,0,0,0,0,0,0,0
PARAM_Mouth Angle=0
PARAM_CHEEK=1
PARAM_BODY_ANGLE_X=0,0,0,0,0,0,0,0,0,0,-0.17,-0.63,-1.3,-2.09,-2.91,-3.7,-4.37,-4.83,-5,-5,-5,-5,-5,-5,-5,-5,-5,-5,-5,-5,-5,-5,-5,-5,-5,-5,-5,-5,-5,-5,-5,-5,-4.9,-4.66,-4.29,-3.85,-3.35,-2.83,-2.3,-1.79,-1.31,-0.88,-0.53,-0.24,-0.06,0,0,0,0,0,0,0,0,0,0,0,0,0,0,0,0
PARAM_BODY_ANGLE_Z=0,0,0,0,0,0,0,0,0,0,-0.34,-1.27,-2.6,-4.18,-5.82,-7.4,-8.73,-9.66,-10,-10,-10,-10,-10,-10,-10,-10,-10,-10,-10,-10,-10,-10,-10,-10,-10,-10,-10,-10,-10,-10,-10,-10,-9.81,-9.31,-8.59,-7.69,-6.7,-5.66,-4.6,-3.58,-2.63,-1.76,-1.05,-0.49,-0.13,0,0,0,0,0,0,0,0,0,0,0,0,0,0,0,0
PARAM_BREATH=0,0.02,0.07,0.15,0.25,0.34,0.44,0.52,0.57,0.59,0.57,0.52,0.44,0.34,0.25,0.15,0.07,0.02,0,0.004,0.013,0.028,0.047,0.07,0.09,0.11,0.13,0.152,0.167,0.176,0.18,0.174,0.16,0.14,0.12,0.09,0.07,0.05,0.029,0.013,0.004,0,0,0,0,0,0,0,0,0,0,0,0,0,0,0,0,0,0,0,0,0,0,0,0,0,0,0,0,0,0
PARAM_Bust Angle X=0
PARAM_Bust Angle Y=0
PARAM_Arm LT Angle=0.07,0.072,0.076,0.083,0.091,0.099,0.107,0.114,0.118,0.12,0.116,0.105,0.089,0.07,0.05,0.031,0.015,0.004,0,0,0,0,0,0,0,0,0,0,0,0,0,0,0,0,0,0,0,0,0,0,0,0,0.001,0.005,0.01,0.016,0.023,0.03,0.038,0.045,0.052,0.058,0.063,0.067,0.069,0.07,0.07,0.07,0.07,0.07,0.07,0.07,0.07,0.07,0.07,0.07,0.07,0.07,0.07,0.07,0.07
PARAM_Arm RT Angle=0.07,0.072,0.076,0.083,0.091,0.099,0.107,0.114,0.118,0.12,0.116,0.105,0.089,0.07,0.05,0.031,0.015,0.004,0,0,0,0,0,0,0,0,0,0,0,0,0,0,0,0,0,0,0,0,0,0,0,0,0.001,0.005,0.01,0.016,0.023,0.03,0.038,0.045,0.052,0.058,0.063,0.067,0.069,0.07,0.07,0.07,0.07,0.07,0.07,0.07,0.07,0.07,0.07,0.07,0.07,0.07,0.07,0.07,0.07
PARAM_Arm LB Agle=0,0,0,0,0,0,0,0,0,0,0.03,0.13,0.26,0.42,0.58,0.74,0.87,0.97,1,0.999,0.996,0.992,0.987,0.981,0.975,0.969,0.963,0.958,0.954,0.951,0.95,0.952,0.956,0.961,0.967,0.974,0.981,0.987,0.992,0.996,0.999,1,0.981,0.93,0.86,0.77,0.67,0.57,0.46,0.36,0.26,0.18,0.11,0.05,0.01,0,0,0,0,0,0,0,0,0,0,0,0,0,0,0,0
PARAM_Arm RB Agle=0,0,0,0,0,0,0,0,0,0,0.03,0.13,0.26,0.42,0.58,0.74,0.87,0.97,1,0.999,0.996,0.991,0.984,0.977,0.97,0.963,0.956,0.949,0.944,0.941,0.94,0.942,0.947,0.953,0.961,0.969,0.977,0.984,0.99,0.996,0.999,1,0.981,0.93,0.86,0.77,0.67,0.57,0.46,0.36,0.26,0.18,0.11,0.05,0.01,0,0,0,0,0,0,0,0,0,0,0,0,0,0,0,0
PARAM_Arm L hand=0,0,0.004,0.012,0.026,0.05,0.08,0.13,0.19,0.27,0.36,0.47,0.58,0.68,0.78,0.87,0.94,0.98,1,1,1,1,1,1,1,1,1,1,1,1,1,1,1,1,1,1,1,1,1,1,1,1,0.981,0.93,0.86,0.77,0.67,0.57,0.46,0.36,0.26,0.18,0.11,0.05,0.01,0,0,0,0,0,0,0,0,0,0,0,0,0,0,0,0
PARAM_Arm R hand=0,0.007,0.025,0.05,0.09,0.12,0.16,0.2,0.24,0.27,0.29,0.313,0.327,0.337,0.344,0.348,0.349,0.35,0.35,0.35,0.35,0.35,0.35,0.35,0.35,0.35,0.35,0.35,0.35,0.35,0.35,0.35,0.35,0.35,0.35,0.35,0.35,0.35,0.35,0.35,0.35,0.35,0.343,0.326,0.3,0.27,0.23,0.2,0.16,0.13,0.09,0.06,0.04,0.017,0.004,0,0,0,0,0,0,0,0,0,0,0,0,0,0,0,0
PARAM_Hair Twist L=0.4,0.4,0.4,0.4,0.4,0.4,0.4,0.4,0.4,0.4,0.4,0.4,0.4,0.4,0.4,0.4,0.4,0.4,0.4,0.4,0.4,0.4,0.4,0.4,0.4,0.4,0.4,0.4,0.4,0.4,0.4,0.4,0.4,0.4,0.4,0.4,0.4,0.4,0.4,0.4,0.4,0.4,0.4,0.4,0.4,0.4,0.4,0.4,0.4,0.4,0.4,0.4,0.4,0.4,0.4,0.4,0.4,0.4,0.4,0.4,0.4,0.4,0.4,0.4,0.4,0.4,0.4,0.4,0.4,0.4,0.4
PARAM_Hair Twist R=-0.6,-0.6,-0.6,-0.6,-0.6,-0.6,-0.6,-0.6,-0.6,-0.6,-0.6,-0.6,-0.6,-0.6,-0.6,-0.6,-0.6,-0.6,-0.6,-0.6,-0.6,-0.6,-0.6,-0.6,-0.6,-0.6,-0.6,-0.6,-0.6,-0.6,-0.6,-0.6,-0.6,-0.6,-0.6,-0.6,-0.6,-0.6,-0.6,-0.6,-0.6,-0.6,-0.6,-0.6,-0.6,-0.6,-0.6,-0.6,-0.6,-0.6,-0.6,-0.6,-0.6,-0.6,-0.6,-0.6,-0.6,-0.6,-0.6,-0.6,-0.6,-0.6,-0.6,-0.6,-0.6,-0.6,-0.6,-0.6,-0.6,-0.6,-0.6
PARAM_Hairfront_vive=0,0,0,0,0,0,0,0,0,0,0,0,0,0,0,0,0,0,0,0,0,0,0,0,0,0,0,0,0,0,0,0,0,0,0,0,0,0,0,0,0,0,-0.003,-0.013,-0.028,-0.047,-0.07,-0.1,-0.12,-0.15,-0.19,-0.22,-0.25,-0.27,-0.3,-0.32,-0.342,-0.357,-0.367,-0.37,-0.32,-0.2,-0.04,0.12,0.24,0.29,0.24,0.16,0.08,0.02,0
PARAM_Hand L1=0
PARAM_Hand L2=0
PARAM_Hand L3=0
PARAM_HL4=1,1,1,1,1,1,1,1,1,1,1,1,1,1,1,1,0,0,0,0,0,0,0,0,0,0,0,0,0,0,0,0,0,0,0,0,0,0,0,0,0,0,0,0,0,0,1,1,1,1,1,1,1,1,1,1,1,1,1,1,1,1,1,1,1,1,1,1,1,1,1
PARAM_HL5=0
PARAM_HL6=0
PARAM_HL7=0,0,0,0,0,0,0,0,0,0,0,0,0,0,0,0,1,1,1,1,1,1,1,1,1,1,1,1,1,1,1,1,1,1,1,1,1,1,1,1,1,1,1,1,1,1,0,0,0,0,0,0,0,0,0,0,0,0,0,0,0,0,0,0,0,0,0,0,0,0,0
PARAM_Hand R1=0
PARAM_Hand R2=0
PARAM_Hand R3=0
PARAM_HR4=1,1,1,1,1,1,1,1,1,1,1,1,1,1,1,1,0,0,0,0,0,0,0,0,0,0,0,0,0,0,0,0,0,0,0,0,0,0,0,0,0,0,0,0,0,0,1,1,1,1,1,1,1,1,1,1,1,1,1,1,1,1,1,1,1,1,1,1,1,1,1
PARAM_HR5=0
PARAM_HR6=0
PARAM_HR7=0,0,0,0,0,0,0,0,0,0,0,0,0,0,0,0,1,1,1,1,1,1,1,1,1,1,1,1,1,1,1,1,1,1,1,1,1,1,1,1,1,1,1,1,1,1,0,0,0,0,0,0,0,0,0,0,0,0,0,0,0,0,0,0,0,0,0,0,0,0,0
PARAM_suprise=0
PARAM_mouth=1
PARAM_FXmouth=0,0,0,0,0,0,0,0,0,0,0,0,0,0,0,0,1,1,1,1,1,1,1,1,1,1,1,1,1,1,1,1,1,1,1,1,1,1,1,1,1,1,0,0,0,0,0,0,0,0,0,0,0,0,0,0,0,0,0,0,0,0,0,0,0,0,0,0,0,0,0
PARAM_shoutao=1,1,1,1,1,1,1,1,1,1,1,1,1,1,1,1,0,0,0,0,0,0,0,0,0,0,0,0,0,0,0,0,0,0,0,0,0,0,0,0,0,0,0,0,0,0,1,1,1,1,1,1,1,1,1,1,1,1,1,1,1,1,1,1,1,1,1,1,1,1,1
PARAM_shoutao2=0,0,0,0,0,0,0,0,0,0,0,0,0,0,0,0,1,1,1,1,1,1,1,1,1,1,1,1,1,1,1,1,1,1,1,1,1,1,1,1,1,1,1,1,1,1,0,0,0,0,0,0,0,0,0,0,0,0,0,0,0,0,0,0,0,0,0,0,0,0,0
PARAM_shoutao3=0
PARAM_moveX=0
PARAM_moveY=0
PARAM_bodyS=0
PARAM_ruyao=0
PARAM_shangxia=0,0,0,0,0,0,0,0,0,0,0.03,0.09,0.17,0.25,0.31,0.34,0.25,0.09,0,0.008,0.03,0.06,0.1,0.13,0.17,0.2,0.22,0.235,0.24,0.235,0.222,0.203,0.18,0.15,0.12,0.1,0.07,0.05,0.027,0.012,0.003,0,0.03,0.11,0.21,0.3,0.38,0.42,0.44,0.41,0.33,0.23,0.14,0.06,0.02,0,0,0,0,0,0,0,0,0,0,0,0,0,0,0,0
PARAM_Vzuoshou=0
PARAM_Vyoushou=0