# Live2D Animator Motion Data
$fps=30

$fadein=1000

$fadeout=1000

PARAM_ANGLE_X=0,0,0,0,0,0,0,0,0,0,0,0.03,0.13,0.28,0.47,0.7,0.96,1.23,1.52,1.81,2.11,2.4,2.68,2.95,3.2,3.43,3.62,3.78,3.9,3.97,4,3.93,3.75,3.44,3.04,2.55,1.98,1.34,0.65,-0.08,-0.84,-1.61,-2.4,-3.18,-3.96,-4.71,-5.43,-6.1,-6.72,-7.29,-7.78,-8.21,-8.54,-8.79,-8.95,-9,-8.999,-8.997,-8.994,-8.989,-8.982,-8.974,-8.964,-8.952,-8.939,-8.924,-8.906,-8.887,-8.87,-8.84,-8.82,-8.79,-8.76,-8.73,-8.7,-8.66,-8.62,-8.58,-8.54,-8.5,-8.45,-8.4,-8.34,-8.29,-8.23,-8.17,-8.1,-8.04,-7.97,-7.9,-7.82,-7.74,-7.66,-7.58,-7.49,-7.4,-7.3,-7.21,-7.11,-7,-6.89,-6.78,-6.67,-6.55,-6.43,-6.3,-6.17,-6.04,-5.9,-5.76,-5.62,-5.47,-5.32,-5.16,-5,-4.79,-4.55,-4.27,-3.97,-3.65,-3.31,-2.97,-2.63,-2.3,-1.96,-1.65,-1.34,-1.06,-0.8,-0.57,-0.38,-0.22,-0.1,-0.03,0,0,0,0,0,0,0,0,0,0,0,0,0,0,0,0,0,0,0,0,0,0,0,0,0,0,0,0,0
PARAM_ANGLE_Y=0,0,0,0,0,0,0,0,0,0,0,0.18,0.7,1.48,2.49,3.68,5.03,6.47,7.97,9.52,11.08,12.61,14.09,15.51,16.8,17.99,19.01,19.84,20.46,20.86,21,20.97,20.87,20.7,20.46,20.16,19.79,19.34,18.83,18.25,17.6,16.89,16.1,15.25,14.33,13.34,12.27,11.17,9.99,8.74,7.43,6.06,4.63,3.15,1.6,0,-1.89,-3.6,-5.15,-6.48,-7.6,-8.49,-9.17,-9.64,-9.91,-10,-9.92,-9.69,-9.33,-8.85,-8.26,-7.58,-6.81,-5.98,-5.08,-4.15,-3.17,-2.18,-1.15,-0.13,0.89,1.91,2.89,3.86,4.78,5.66,6.47,7.23,7.92,8.51,9.03,9.44,9.75,9.94,10,9.31,7.51,4.9,1.92,-1.17,-4.05,-6.52,-8.4,-9.58,-10,-9.35,-7.63,-5.16,-2.33,0.61,3.35,5.69,7.48,8.6,9,8.92,8.7,8.37,7.93,7.42,6.84,6.23,5.58,4.92,4.25,3.6,2.96,2.35,1.8,1.29,0.85,0.5,0.23,0.06,0,0,0,0,0,0,0,0,0,0,0,0,0,0,0,0,0,0,0,0,0,0,0,0,0,0,0,0,0
PARAM_ANGLE_Z=0,0,0,0,0,0,0,0,0,0,0,0.1,0.38,0.83,1.39,2.07,2.8,3.58,4.37,5.15,5.88,6.55,7.12,7.56,7.85,7.95,7.89,7.73,7.47,7.12,6.69,6.18,5.61,4.98,4.29,3.56,2.78,1.98,1.15,0.32,-0.53,-1.37,-2.2,-3.04,-3.83,-4.61,-5.34,-6.03,-6.66,-7.23,-7.74,-8.18,-8.52,-8.79,-8.95,-9,-8.984,-8.94,-8.86,-8.76,-8.63,-8.48,-8.3,-8.1,-7.88,-7.64,-7.37,-7.09,-6.79,-6.48,-6.15,-5.81,-5.45,-5.08,-4.71,-4.32,-3.92,-3.52,-3.1,-2.69,-2.27,-1.84,-1.41,-0.99,-0.55,-0.13,0.31,0.73,1.16,1.57,1.99,2.4,2.8,3.2,3.58,3.96,4.32,4.67,5.01,5.34,5.65,5.95,6.23,6.49,6.74,6.97,7.17,7.36,7.52,7.66,7.78,7.88,7.95,7.99,8,7.93,7.73,7.44,7.05,6.6,6.08,5.53,4.96,4.37,3.78,3.2,2.63,2.09,1.6,1.15,0.76,0.44,0.21,0.05,0,0,0,0,0,0,0,0,0,0,0,0,0,0,0,0,0,0,0,0,0,0,0,0,0,0,0,0,0
PARAM_BROW_L_Y=0
PARAM_BROW_R_Y=0
PARAM_BROW_L_X=0
PARAM_BROW_R_X=0
PARAM_eyebrow Change=0.5,0.5,0.5,0.5,0.5,0.5,0.5,0.5,0.5,0.5,0.5,0.5,0.5,0.5,0.5,0.5,0.5,0.5,0.5,0.5,0.5,0.5,0.37,0.13,0,0,0,0,0,0,0,0,0,0,0,0,0,0,0,0,0,0,0,0,0,0,0,0,0,0,0,0,0,0,0,0,0,0,0,0,0,0,0,0,0,0,0,0,0,0,0,0,0,0,0,0,0,0,0,0,0,0,0,0,0,0,0,0,0,0,0,0,0,0,0,0,0,0,0,0,0,0,0,0,0,0,0,0,0,0,0,0,0,0,0,0.13,0.37,0.5,0.5,0.5,0.5,0.5,0.5,0.5,0.5,0.5,0.5,0.5,0.5,0.5,0.5,0.5,0.5,0.5,0.5,0.5,0.5,0.5,0.5,0.5,0.5,0.5,0.5,0.5,0.5,0.5,0.5,0.5,0.5,0.5,0.5,0.5,0.5,0.5,0.5,0.5,0.5,0.5,0.5,0.5,0.5,0.5,0.5
PARAM_EYE_L_OPEN=1,1,1,1,1,1,1,1,1,1,1,1,1,1,1,1,1,1,1,1,1,1,0.97,0.88,0.75,0.6,0.44,0.29,0.16,0.07,0.03,0.031,0.027,0.024,0.021,0.018,0.016,0.014,0.012,0.01,0.008,0.007,0.006,0.005,0.004,0.003,0,0.002,0,0.001,0,0,0,0,0,0,0,0,0,0,0,0,0,0,0,0,0,0,0,0,0,0,0,0,0,0,0,0,0,0,0,0,0,0,0,0,0,0,0,0,0,0,0,0,0,0,0,0,0,0,0,0,0,0,0,0.03,0.12,0.25,0.4,0.56,0.7,0.83,0.92,0.98,1,1,1,1,1,1,1,1,1,1,1,1,1,1,1,1,1,1,1,1,1,1,1,1,1,1,1,1,1,1,1,1,1,1,1,1,1,1,1,1,1,1,1,1,1,1,1,1,1
PARAM_EYE_R_OPEN=1,1,1,1,1,1,1,1,1,1,1,1,1,1,1,1,1,1,1,1,1,1,0.97,0.88,0.75,0.6,0.44,0.29,0.16,0.07,0.03,0.031,0.027,0.024,0.021,0.018,0.016,0.014,0.012,0.01,0.008,0.007,0.006,0.005,0.004,0.003,0,0.002,0,0.001,0,0,0,0,0,0,0,0,0,0,0,0,0,0,0,0,0,0,0,0,0,0,0,0,0,0,0,0,0,0,0,0,0,0,0,0,0,0,0,0,0,0,0,0,0,0,0,0,0,0,0,0,0,0,0,0.03,0.12,0.25,0.4,0.56,0.7,0.83,0.92,0.98,1,1,1,1,1,1,1,1,1,1,1,1,1,1,1,1,1,1,1,1,1,1,1,1,1,1,1,1,1,1,1,1,1,1,1,1,1,1,1,1,1,1,1,1,1,1,1,1,1
PARAM_Smile eye=0,0,0,0,0,0,0,0,0,0,0,0,0,0,0,0,0,0,0,0,0,0,0.03,0.12,0.25,0.4,0.56,0.71,0.84,0.93,0.97,0.969,0.973,0.976,0.979,0.982,0.984,0.986,0.988,0.99,0.992,0.993,0.994,0.995,0.996,0.997,1,0.998,1,0.999,1,1,1,1,1,1,1,1,1,1,1,1,1,1,1,1,1,1,1,1,1,1,1,1,1,1,1,1,1,1,1,1,1,1,1,1,1,1,1,1,1,1,1,1,1,1,1,1,1,1,1,1,1,1,1,0.997,0.987,0.972,0.951,0.93,0.9,0.86,0.82,0.78,0.74,0.7,0.65,0.6,0.55,0.5,0.45,0.4,0.35,0.3,0.26,0.22,0.18,0.14,0.1,0.07,0.05,0.028,0.013,0.003,0,0,0,0,0,0,0,0,0,0,0,0,0,0,0,0,0,0,0,0,0,0,0,0,0,0,0,0,0
PARAM_Angry eye=0
PARAM_EYE_BALL_X=0
PARAM_EYE_BALL_Y=0
PARAM_MOUTH_FORM=0,0,0,0,0,0,0,0,0,0,0,0,0,0,0,0,0,0,0,0,0,0,-0.03,-0.12,-0.25,-0.4,-0.56,-0.71,-0.84,-0.93,-0.97,-0.969,-0.973,-0.976,-0.979,-0.982,-0.984,-0.986,-0.988,-0.99,-0.992,-0.993,-0.994,-0.995,-0.996,-0.997,-1,-0.998,-1,-0.999,-1,-1,-1,-1,-1,-1,-1,-1,-1,-1,-1,-1,-1,-1,-1,-1,-1,-1,-1,-1,-1,-1,-1,-1,-1,-1,-1,-1,-1,-1,-1,-1,-1,-1,-1,-1,-1,-1,-1,-1,-1,-1,-1,-1,-1,-1,-1,-1,-1,-1,-1,-1,-1,-1,-1,-1,-1,-1,-1,-1,-1,-1,-1,-1,-1,-0.991,-0.97,-0.93,-0.88,-0.82,-0.76,-0.69,-0.62,-0.55,-0.47,-0.4,-0.33,-0.26,-0.2,-0.14,-0.09,-0.06,-0.03,-0.007,0,0,0,0,0,0,0,0,0,0,0,0,0,0,0,0,0,0,0,0,0,0,0,0,0,0,0,0,0
PARAM_MOUTH_OPEN_Y=0
PARAM_Mouth=0
PARAM_Mouth Angle=0
PARAM_CHEEK=1
PARAM_BODY_ANGLE_X=0
PARAM_BODY_ANGLE_Z=0
PARAM_BREATH=0,0.006,0.024,0.05,0.08,0.12,0.15,0.18,0.21,0.24,0.26,0.28,0.31,0.33,0.36,0.38,0.41,0.43,0.45,0.47,0.495,0.513,0.531,0.547,0.561,0.574,0.585,0.593,0.6,0.604,0.606,0.607,0.607,0.61,0.61,0.608,0.61,0.61,0.609,0.61,0.61,0.61,0.61,0.61,0.61,0.61,0.61,0.61,0.61,0.61,0.61,0.61,0.61,0.61,0.61,0.61,0.597,0.56,0.51,0.45,0.39,0.34,0.29,0.25,0.23,0.22,0.222,0.226,0.233,0.243,0.254,0.267,0.282,0.298,0.316,0.334,0.353,0.372,0.392,0.412,0.432,0.452,0.471,0.49,0.508,0.525,0.541,0.556,0.569,0.581,0.591,0.599,0.605,0.609,0.61,0.597,0.56,0.51,0.45,0.39,0.34,0.29,0.25,0.23,0.22,0.233,0.27,0.32,0.38,0.44,0.49,0.54,0.58,0.6,0.61,0.605,0.59,0.57,0.54,0.5,0.46,0.42,0.38,0.33,0.29,0.24,0.2,0.16,0.12,0.09,0.06,0.03,0.016,0.004,0,0.006,0.02,0.04,0.06,0.09,0.11,0.132,0.147,0.157,0.16,0.154,0.14,0.12,0.1,0.07,0.05,0.028,0.013,0.003,0,0,0,0,0,0,0,0,0
PARAM_Bust Angle X=0
PARAM_Bust Angle Y=0
PARAM_Arm LT Angle=-5,-4.84,-4.42,-3.81,-3.1,-2.36,-1.66,-1.03,-0.54,-0.19,0,0.12,0.23,0.32,0.4,0.47,0.53,0.58,0.63,0.67,0.7,0.72,0.74,0.762,0.775,0.784,0.791,0.796,0.798,0.8,0.8,0.8,0.8,0.8,0.8,0.8,0.8,0.8,0.8,0.8,0.8,0.8,0.8,0.8,0.8,0.8,0.8,0.8,0.8,0.8,0.8,0.8,0.8,0.8,0.8,0.8,0.8,0.8,0.8,0.8,0.8,0.8,0.8,0.8,0.8,0.8,0.8,0.8,0.8,0.8,0.8,0.8,0.8,0.8,0.8,0.8,0.8,0.8,0.8,0.8,0.8,0.8,0.8,0.8,0.8,0.8,0.8,0.8,0.8,0.8,0.8,0.8,0.8,0.8,0.8,0.8,0.8,0.8,0.8,0.8,0.8,0.8,0.8,0.8,0.8,0.8,0.8,0.8,0.8,0.8,0.8,0.8,0.8,0.8,0.8,0.793,0.773,0.74,0.71,0.66,0.61,0.55,0.5,0.44,0.38,0.32,0.26,0.21,0.16,0.11,0.08,0.04,0.02,0.005,0,0,0,0,0,0,0,0,0,0,0,-0.17,-0.62,-1.27,-2.02,-2.79,-3.51,-4.13,-4.6,-4.9,-5,-5,-5,-5,-5,-5,-5,-5,-5
PARAM_Arm RT Angle=-5,-4.84,-4.42,-3.81,-3.1,-2.36,-1.66,-1.03,-0.54,-0.19,0,0.12,0.23,0.32,0.4,0.47,0.53,0.58,0.63,0.67,0.7,0.72,0.74,0.762,0.775,0.784,0.791,0.796,0.798,0.8,0.8,0.8,0.8,0.8,0.8,0.8,0.8,0.8,0.8,0.8,0.8,0.8,0.8,0.8,0.8,0.8,0.8,0.8,0.8,0.8,0.8,0.8,0.8,0.8,0.8,0.8,0.8,0.8,0.8,0.8,0.8,0.8,0.8,0.8,0.8,0.8,0.8,0.8,0.8,0.8,0.8,0.8,0.8,0.8,0.8,0.8,0.8,0.8,0.8,0.8,0.8,0.8,0.8,0.8,0.8,0.8,0.8,0.8,0.8,0.8,0.8,0.8,0.8,0.8,0.8,0.8,0.8,0.8,0.8,0.8,0.8,0.8,0.8,0.8,0.8,0.8,0.8,0.8,0.8,0.8,0.8,0.8,0.8,0.8,0.8,0.793,0.773,0.74,0.71,0.66,0.61,0.55,0.5,0.44,0.38,0.32,0.26,0.21,0.16,0.11,0.08,0.04,0.02,0.005,0,0,0,0,0,0,0,0,0,0,0,-0.17,-0.62,-1.27,-2.02,-2.79,-3.51,-4.13,-4.6,-4.9,-5,-5,-5,-5,-5,-5,-5,-5,-5
PARAM_Arm LB Agle=-1,-0.97,-0.9,-0.8,-0.68,-0.54,-0.41,-0.28,-0.17,-0.08,0,0.08,0.15,0.21,0.27,0.32,0.36,0.4,0.43,0.46,0.49,0.51,0.527,0.542,0.553,0.563,0.569,0.574,0.578,0.579,0.58,0.58,0.58,0.58,0.58,0.58,0.58,0.58,0.58,0.58,0.58,0.58,0.58,0.58,0.58,0.58,0.58,0.58,0.58,0.58,0.58,0.58,0.58,0.58,0.58,0.58,0.58,0.58,0.58,0.58,0.58,0.58,0.58,0.58,0.58,0.58,0.58,0.58,0.58,0.58,0.58,0.58,0.58,0.58,0.58,0.58,0.58,0.58,0.58,0.58,0.58,0.58,0.58,0.58,0.58,0.58,0.58,0.58,0.58,0.58,0.58,0.58,0.58,0.58,0.58,0.58,0.58,0.58,0.58,0.58,0.58,0.58,0.58,0.58,0.58,0.58,0.58,0.58,0.58,0.58,0.58,0.58,0.58,0.58,0.58,0.575,0.561,0.54,0.51,0.48,0.44,0.4,0.36,0.32,0.27,0.23,0.19,0.15,0.12,0.08,0.06,0.03,0.015,0.004,0,0,0,0,0,0,0,0,0,0,0,-0.03,-0.12,-0.25,-0.4,-0.56,-0.7,-0.83,-0.92,-0.98,-1,-1,-1,-1,-1,-1,-1,-1,-1
PARAM_Arm RB Agle=-1,-0.97,-0.9,-0.8,-0.67,-0.54,-0.4,-0.27,-0.16,-0.07,0,0.07,0.14,0.2,0.25,0.29,0.33,0.37,0.4,0.43,0.45,0.467,0.483,0.496,0.506,0.515,0.521,0.525,0.528,0.53,0.53,0.53,0.53,0.53,0.53,0.53,0.53,0.53,0.53,0.53,0.53,0.53,0.53,0.53,0.53,0.53,0.53,0.53,0.53,0.53,0.53,0.53,0.53,0.53,0.53,0.53,0.53,0.53,0.53,0.53,0.53,0.53,0.53,0.53,0.53,0.53,0.53,0.53,0.53,0.53,0.53,0.53,0.53,0.53,0.53,0.53,0.53,0.53,0.53,0.53,0.53,0.53,0.53,0.53,0.53,0.53,0.53,0.53,0.53,0.53,0.53,0.53,0.53,0.53,0.53,0.53,0.53,0.53,0.53,0.53,0.53,0.53,0.53,0.53,0.53,0.53,0.53,0.53,0.53,0.53,0.53,0.53,0.53,0.53,0.53,0.525,0.512,0.493,0.47,0.44,0.4,0.37,0.33,0.29,0.25,0.21,0.17,0.14,0.11,0.08,0.05,0.03,0.014,0.004,0,0,0,0,0,0,0,0,0,0,0,-0.03,-0.12,-0.25,-0.4,-0.56,-0.7,-0.83,-0.92,-0.98,-1,-1,-1,-1,-1,-1,-1,-1,-1
PARAM_Arm L hand=0
PARAM_Arm R hand=0
PARAM_Hair Twist L=0
PARAM_Hair Twist R=0
PARAM_Hairfront_vive=0,0,0,0,0,0,0,0,0,0,0,0.006,0.024,0.05,0.09,0.13,0.17,0.22,0.27,0.33,0.38,0.43,0.48,0.53,0.58,0.62,0.65,0.68,0.7,0.715,0.72,0.715,0.702,0.68,0.65,0.61,0.57,0.52,0.47,0.41,0.34,0.28,0.21,0.13,0.06,-0.02,-0.09,-0.17,-0.24,-0.32,-0.39,-0.47,-0.53,-0.6,-0.66,-0.72,-0.78,-0.83,-0.87,-0.91,-0.94,-0.97,-0.985,-0.996,-1,-0.997,-0.987,-0.971,-0.95,-0.92,-0.89,-0.85,-0.81,-0.77,-0.72,-0.67,-0.62,-0.56,-0.5,-0.44,-0.38,-0.31,-0.24,-0.18,-0.11,-0.04,0.02,0.09,0.16,0.23,0.29,0.36,0.42,0.48,0.54,0.59,0.65,0.7,0.75,0.79,0.83,0.87,0.9,0.93,0.96,0.974,0.989,0.997,1,0.991,0.97,0.93,0.88,0.81,0.74,0.66,0.58,0.49,0.39,0.3,0.2,0.1,0,-0.1,-0.19,-0.28,-0.36,-0.44,-0.51,-0.57,-0.63,-0.67,-0.7,-0.72,-0.73,-0.7,-0.64,-0.54,-0.44,-0.32,-0.22,-0.13,-0.06,-0.02,0,0,0,0,0,0,0,0,0,0,0,0,0,0,0,0,0,0,0
PARAM_Hand L1=0
PARAM_Hand L2=0
PARAM_Hand L3=0,0,0,0,0,0,0,0,0,0,0,0,0,0,0,0,0,0,0,0,1,1,1,1,1,1,1,1,1,1,1,1,1,1,1,1,1,1,1,1,1,1,1,1,1,1,1,1,1,1,1,1,1,1,1,1,1,1,1,1,1,1,1,1,1,1,1,1,1,1,1,1,1,1,1,1,1,1,1,1,1,1,1,1,1,1,1,1,1,1,1,1,1,1,1,1,1,1,1,1,1,1,1,1,1,1,1,1,1,1,1,1,1,1,1,1,1,1,1,1,1,1,0,0,0,0,0,0,0,0,0,0,0,0,0,0,0,0,0,0,0,0,0,0,0,0,0,0,0,0,0,0,0,0,0,0,0,0,0,0,0,0,0
PARAM_HL4=0
PARAM_Hand_L5=0
PARAM_Hand_L8=1,1,1,1,1,1,1,1,1,1,1,1,1,1,1,1,1,1,1,1,0,0,0,0,0,0,0,0,0,0,0,0,0,0,0,0,0,0,0,0,0,0,0,0,0,0,0,0,0,0,0,0,0,0,0,0,0,0,0,0,0,0,0,0,0,0,0,0,0,0,0,0,0,0,0,0,0,0,0,0,0,0,0,0,0,0,0,0,0,0,0,0,0,0,0,0,0,0,0,0,0,0,0,0,0,0,0,0,0,0,0,0,0,0,0,0,0,0,0,0,0,0,1,1,1,1,1,1,1,1,1,1,1,1,1,1,1,1,1,1,1,1,1,1,1,1,1,1,1,1,1,1,1,1,1,1,1,1,1,1,1,1,1
PARAM_Hand R1=0
PARAM_Hand R2=0
PARAM_Hand R3=0,0,0,0,0,0,0,0,0,0,0,0,0,0,0,0,0,0,0,0,1,1,1,1,1,1,1,1,1,1,1,1,1,1,1,1,1,1,1,1,1,1,1,1,1,1,1,1,1,1,1,1,1,1,1,1,1,1,1,1,1,1,1,1,1,1,1,1,1,1,1,1,1,1,1,1,1,1,1,1,1,1,1,1,1,1,1,1,1,1,1,1,1,1,1,1,1,1,1,1,1,1,1,1,1,1,1,1,1,1,1,1,1,1,1,1,1,1,1,1,1,1,0,0,0,0,0,0,0,0,0,0,0,0,0,0,0,0,0,0,0,0,0,0,0,0,0,0,0,0,0,0,0,0,0,0,0,0,0,0,0,0,0
PARAM_Hand_R8=1,1,1,1,1,1,1,1,1,1,1,1,1,1,1,1,1,1,1,1,0,0,0,0,0,0,0,0,0,0,0,0,0,0,0,0,0,0,0,0,0,0,0,0,0,0,0,0,0,0,0,0,0,0,0,0,0,0,0,0,0,0,0,0,0,0,0,0,0,0,0,0,0,0,0,0,0,0,0,0,0,0,0,0,0,0,0,0,0,0,0,0,0,0,0,0,0,0,0,0,0,0,0,0,0,0,0,0,0,0,0,0,0,0,0,0,0,0,0,0,0,0,1,1,1,1,1,1,1,1,1,1,1,1,1,1,1,1,1,1,1,1,1,1,1,1,1,1,1,1,1,1,1,1,1,1,1,1,1,1,1,1,1
PARAM_suprise=0
PARAM_mouth=1
PARAM_moveX=0
PARAM_moveY=0
PARAM_bodyS=0
PARAM_ruyao=0,0,0,0,0,0,0,0,0,0,0,0,0,0,0,0,0,0,0,0,0,0,0,0,0,0,0,0,0,0,0,0,0,0,0,0,0,0,0,0,0,0,0,0,0,0,0,0,0,0,0,0,0,0,0,0,-0.008,-0.03,-0.06,-0.1,-0.14,-0.18,-0.21,-0.23,-0.24,-0.235,-0.222,-0.202,-0.18,-0.15,-0.12,-0.09,-0.06,-0.04,-0.018,-0.005,0,0,0,0,0,0,0,0,0,0,0,0,0,0,0,0,0,0,0,0,0,0,0,0,0,0,0,-0.03,-0.09,-0.18,-0.27,-0.33,-0.36,-0.34,-0.29,-0.22,-0.16,-0.1,-0.05,-0.01,0,0,0,0,0,0,0,0,0,0,0,0,0,0,0,0,0,0,0,0,0,0,0,0,0,0,0,0,0,0,0,0,0,0,0,0,0,0,0,0,0,0,0,0,0,0,0
PARAM_jingli=0
PARAM_armFX=0
PARAM_arm=1