# Live2D Animator Motion Data
$fps=30

$fadein=1000

$fadeout=1000

PARAM_ANGLE_X=0
PARAM_ANGLE_Y=0,0.13,0.5,1.05,1.78,2.63,3.59,4.62,5.69,6.8,7.92,9.01,10.07,11.08,12,12.85,13.58,14.17,14.61,14.9,15,14.81,14.28,13.44,12.37,11.1,9.71,8.25,6.75,5.29,3.9,2.63,1.56,0.72,0.19,0,0.11,0.43,0.91,1.54,2.28,3.11,4.01,4.93,5.89,6.86,7.81,8.73,9.6,10.4,11.14,11.77,12.28,12.67,12.91,13,12.89,12.57,12.09,11.46,10.72,9.89,8.99,8.07,7.11,6.14,5.19,4.27,3.4,2.6,1.86,1.23,0.72,0.33,0.09,0,0.11,0.43,0.91,1.54,2.28,3.11,4.01,4.93,5.89,6.86,7.81,8.73,9.6,10.4,11.14,11.77,12.28,12.67,12.91,13,12.91,12.67,12.28,11.77,11.14,10.42,9.64,8.78,7.88,6.96,6.04,5.12,4.22,3.36,2.58,1.86,1.23,0.72,0.33,0.09,0,0.1,0.37,0.77,1.31,1.93,2.63,3.39,4.17,4.99,5.81,6.61,7.38,8.12,8.8,9.42,9.96,10.39,10.72,10.93,11,10.93,10.72,10.39,9.96,9.42,8.81,8.15,7.43,6.67,5.89,5.11,4.33,3.57,2.85,2.19,1.58,1.04,0.61,0.28,0.07,0,0,0,0,0,0,0,0,0,0,0,0,0,0,0,0,0,0,0,0,0,0,0,0,0,0,0,0,0,0,0,0,0,0,0,0,0,0
PARAM_ANGLE_Z=0,0,0,0,0,0,0,0,0,0,0,0,0,0,0,0,0,0,0,0,0,0.27,1.01,2.19,3.68,5.46,7.4,9.46,11.54,13.6,15.54,17.32,18.81,19.99,20.73,21,20.9,20.61,20.14,19.5,18.71,17.75,16.67,15.45,14.12,12.69,11.17,9.52,7.83,6.08,4.27,2.41,0.55,-1.37,-3.31,-5.21,-7.15,-9.04,-10.9,-12.73,-14.53,-16.27,-17.95,-19.56,-21.06,-22.5,-23.82,-25.04,-26.15,-27.13,-27.97,-28.69,-29.25,-29.66,-29.91,-30,-29.89,-29.54,-29,-28.27,-27.34,-26.25,-25.01,-23.64,-22.13,-20.49,-18.75,-16.94,-15.01,-13.05,-11.02,-8.93,-6.8,-4.64,-2.46,-0.26,1.89,4.08,6.2,8.34,10.4,12.4,14.39,16.27,18.07,19.79,21.4,22.91,24.3,25.54,26.67,27.65,28.47,29.13,29.6,29.9,30,29.89,29.54,29,28.27,27.34,26.25,25.01,23.64,22.13,20.49,18.75,16.94,15.01,13.05,11.02,8.93,6.8,4.64,2.46,0.26,-1.89,-4.08,-6.2,-8.34,-10.4,-12.4,-14.39,-16.27,-18.07,-19.79,-21.4,-22.91,-24.3,-25.54,-26.67,-27.65,-28.47,-29.13,-29.6,-29.9,-30,-29.74,-29,-27.89,-26.44,-24.74,-22.81,-20.75,-18.62,-16.4,-14.17,-11.99,-9.86,-7.84,-6,-4.3,-2.85,-1.66,-0.77,-0.2,0,0,0,0,0,0,0,0,0,0,0,0,0,0,0,0,0,0
PARAM_BROW_L_Y=0
PARAM_BROW_R_Y=0
PARAM_BROW_L_X=0
PARAM_BROW_R_X=0
PARAM_eyebrow Change=0
PARAM_eyebrow2 Rotate=0
PARAM_EYE_L_OPEN=1,1,1,1,1,1,1,1,1,1,1,1,1,1,1,1,1,1,1,1,1,1,1,1,1,1,1,1,1,1,1,1,1,1,1,1,1,1,1,1,1,1,1,1,1,1,1,1,1,1,1,1,1,1,1,1,1,1,1,1,1,1,1,1,0.27,0,0.26,0.74,1,1,1,1,1,1,1,1,1,1,1,1,1,1,1,1,1,1,1,1,1,1,1,1,1,1,1,1,1,1,1,1,1,1,1,1,1,1,1,1,1,1,1,1,1,1,1,1,1,1,1,1,1,1,1,1,1,1,1,1,1,0.27,0,0.26,0.74,1,0.27,0,0.26,0.74,1,1,1,1,1,1,1,1,1,1,1,1,1,1,1,1,1,1,1,1,1,1,1,1,1,1,1,1,1,1,1,1,1,1,1,1,1,1,1,1,1,1,1,1,1,1,1,1,1,1,1,1,1,1,1,1,1
PARAM_EYE_R_OPEN=1,1,1,1,1,1,1,1,1,1,1,1,1,1,1,1,1,1,1,1,1,1,1,1,1,1,1,1,1,1,1,1,1,1,1,1,1,1,1,1,1,1,1,1,1,1,1,1,1,1,1,1,1,1,1,1,1,1,1,1,1,1,1,1,0.27,0,0.26,0.74,1,1,1,1,1,1,1,1,1,1,1,1,1,1,1,1,1,1,1,1,1,1,1,1,1,1,1,1,1,1,1,1,1,1,1,1,1,1,1,1,1,1,1,1,1,1,1,1,1,1,1,1,1,1,1,1,1,1,1,1,1,0.27,0,0.26,0.74,1,0.27,0,0.26,0.74,1,1,1,1,1,1,1,1,1,1,1,1,1,1,1,1,1,1,1,1,1,1,1,1,1,1,1,1,1,1,1,1,1,1,1,1,1,1,1,1,1,1,1,1,1,1,1,1,1,1,1,1,1,1,1,1,1
PARAM_Smile eye=0
PARAM_Angry eye=0
PARAM_EYE_BALL_X=0,0,0,0,0,0,0,0,0,0,0,0.001,0,0,0,0,0.002,0,0,0,0.003,0,0,0,0.004,0,0,0,0.005,0.01,0.01,0.006,0.01,0.01,0.01,0.007,0.01,0.01,0.01,0.008,0.01,0.01,0.01,0.01,0.009,0.01,0.01,0.01,0.01,0.01,0.01,0.01,0.01,0.01,0.01,0.01,0.01,0.01,0.009,0.008,0.006,0.005,0.003,0.001,-0.001,-0.003,-0.005,-0.008,-0.011,-0.013,-0.016,-0.019,-0.022,-0.025,-0.028,-0.031,-0.034,-0.037,-0.04,-0.043,-0.046,-0.048,-0.051,-0.054,-0.056,-0.058,-0.06,-0.062,-0.064,-0.065,-0.067,-0.068,-0.069,-0.069,-0.07,-0.07,-0.067,-0.059,-0.047,-0.029,-0.01,0.02,0.04,0.07,0.11,0.14,0.18,0.21,0.25,0.29,0.33,0.36,0.4,0.43,0.47,0.5,0.52,0.55,0.57,0.587,0.599,0.607,0.61,0.607,0.599,0.585,0.567,0.54,0.52,0.49,0.46,0.42,0.38,0.35,0.31,0.27,0.22,0.18,0.14,0.11,0.07,0.03,0,-0.03,-0.05,-0.08,-0.095,-0.109,-0.117,-0.12,-0.12,-0.118,-0.116,-0.113,-0.109,-0.105,-0.1,-0.095,-0.089,-0.083,-0.077,-0.07,-0.064,-0.058,-0.051,-0.045,-0.039,-0.033,-0.027,-0.022,-0.017,-0.013,-0.009,-0.006,-0.003,-0.002,0,0,0,0,0,0,0,0,0,0,0,0,0,0,0,0,0,0,0
PARAM_EYE_BALL_Y=0,0,-0.002,-0.005,-0.008,-0.013,-0.019,-0.025,-0.032,-0.04,-0.049,-0.058,-0.068,-0.079,-0.09,-0.102,-0.114,-0.126,-0.139,-0.153,-0.167,-0.181,-0.195,-0.209,-0.224,-0.239,-0.253,-0.268,-0.283,-0.298,-0.312,-0.327,-0.341,-0.355,-0.369,-0.383,-0.396,-0.409,-0.421,-0.434,-0.445,-0.457,-0.467,-0.477,-0.486,-0.495,-0.503,-0.511,-0.517,-0.523,-0.528,-0.532,-0.536,-0.538,-0.54,-0.54,-0.54,-0.54,-0.54,-0.54,-0.54,-0.54,-0.54,-0.54,-0.54,-0.54,-0.54,-0.54,-0.54,-0.54,-0.54,-0.54,-0.54,-0.54,-0.54,-0.54,-0.54,-0.54,-0.54,-0.54,-0.54,-0.54,-0.54,-0.54,-0.54,-0.54,-0.54,-0.54,-0.54,-0.54,-0.54,-0.54,-0.54,-0.54,-0.54,-0.54,-0.54,-0.54,-0.54,-0.54,-0.54,-0.54,-0.54,-0.54,-0.54,-0.54,-0.539,-0.538,-0.537,-0.535,-0.533,-0.53,-0.527,-0.523,-0.519,-0.514,-0.509,-0.503,-0.496,-0.488,-0.48,-0.47,-0.46,-0.447,-0.431,-0.41,-0.39,-0.36,-0.33,-0.3,-0.27,-0.23,-0.2,-0.16,-0.12,-0.09,-0.05,-0.01,0.02,0.06,0.09,0.12,0.15,0.17,0.19,0.213,0.229,0.24,0.248,0.25,0.249,0.246,0.241,0.235,0.227,0.219,0.208,0.197,0.186,0.173,0.16,0.147,0.133,0.12,0.107,0.093,0.08,0.068,0.057,0.046,0.036,0.027,0.019,0.012,0.007,0.003,0.001,0,0,0,0,0,0,0,0,0,0,0,0,0,0,0,0,0,0
PARAM_MOUTH_FORM=0
PARAM_MOUTH_OPEN_Y=0
PARAM_Mouth=0
PARAM_Mouth Angle=0
PARAM_CHEEK=1
PARAM_BODY_ANGLE_X=0
PARAM_BODY_ANGLE_Z=0,0,0,0,0,0,0,0,0,0,0,0,0,0,0,0,0,0,0,0,0,-0.05,-0.19,-0.42,-0.7,-1.04,-1.41,-1.8,-2.2,-2.59,-2.96,-3.3,-3.58,-3.81,-3.95,-4,-3.983,-3.93,-3.85,-3.74,-3.6,-3.43,-3.24,-3.02,-2.79,-2.53,-2.26,-1.97,-1.68,-1.37,-1.05,-0.72,-0.39,-0.05,0.29,0.63,0.97,1.3,1.63,1.95,2.27,2.58,2.87,3.16,3.42,3.68,3.91,4.12,4.32,4.49,4.64,4.77,4.87,4.94,4.98,5,4.983,4.93,4.85,4.74,4.6,4.44,4.25,4.05,3.82,3.57,3.31,3.04,2.75,2.46,2.15,1.84,1.52,1.2,0.87,0.54,0.22,-0.11,-0.43,-0.75,-1.06,-1.36,-1.66,-1.94,-2.21,-2.47,-2.71,-2.94,-3.15,-3.33,-3.5,-3.65,-3.77,-3.87,-3.94,-3.98,-4,-3.985,-3.94,-3.86,-3.76,-3.64,-3.49,-3.32,-3.13,-2.92,-2.69,-2.45,-2.19,-1.92,-1.65,-1.36,-1.07,-0.76,-0.46,-0.15,0.15,0.46,0.76,1.07,1.36,1.65,1.92,2.19,2.45,2.69,2.92,3.13,3.32,3.49,3.64,3.76,3.86,3.94,3.98,4,3.97,3.9,3.78,3.62,3.43,3.21,2.97,2.72,2.45,2.17,1.89,1.63,1.36,1.11,0.87,0.66,0.47,0.31,0.18,0.08,0.02,0,0,0,0,0,0,0,0,0,0,0,0,0,0,0,0,0,0
PARAM_BREATH=0,0.003,0.013,0.028,0.047,0.07,0.1,0.12,0.15,0.18,0.21,0.24,0.27,0.3,0.32,0.34,0.362,0.378,0.39,0.397,0.4,0.397,0.389,0.376,0.36,0.34,0.32,0.3,0.27,0.25,0.23,0.21,0.194,0.181,0.173,0.17,0.172,0.177,0.184,0.194,0.205,0.218,0.232,0.246,0.261,0.276,0.29,0.304,0.318,0.33,0.341,0.351,0.359,0.365,0.369,0.37,0.368,0.363,0.356,0.346,0.335,0.322,0.308,0.294,0.279,0.264,0.25,0.236,0.222,0.21,0.199,0.189,0.181,0.175,0.171,0.17,0.172,0.177,0.184,0.194,0.205,0.218,0.232,0.246,0.261,0.276,0.29,0.304,0.318,0.33,0.341,0.351,0.359,0.365,0.369,0.37,0.369,0.365,0.359,0.351,0.341,0.33,0.318,0.305,0.291,0.277,0.263,0.249,0.235,0.222,0.21,0.199,0.189,0.181,0.175,0.171,0.17,0.172,0.177,0.184,0.194,0.205,0.218,0.232,0.246,0.261,0.276,0.29,0.304,0.318,0.33,0.341,0.351,0.359,0.365,0.369,0.37,0.369,0.367,0.364,0.36,0.354,0.348,0.34,0.332,0.322,0.312,0.3,0.288,0.275,0.262,0.247,0.232,0.217,0.201,0.185,0.167,0.15,0.132,0.115,0.099,0.086,0.073,0.062,0.052,0.043,0.036,0.029,0.023,0.017,0.013,0.009,0.006,0.004,0.002,0.001,0,0,0,0,0,0,0,0,0,0,0,0,0,0,0,0,0,0,0
PARAM_Bust Angle X=0
PARAM_Bust Angle Y=0
PARAM_Arm LT Angle=0,0.002,0.009,0.021,0.036,0.054,0.08,0.1,0.13,0.16,0.19,0.22,0.26,0.29,0.33,0.37,0.41,0.45,0.48,0.52,0.56,0.6,0.63,0.67,0.7,0.73,0.76,0.79,0.81,0.83,0.853,0.869,0.882,0.892,0.898,0.9,0.898,0.893,0.885,0.874,0.86,0.843,0.824,0.8,0.78,0.75,0.73,0.7,0.67,0.64,0.6,0.57,0.54,0.51,0.47,0.44,0.4,0.37,0.34,0.3,0.27,0.24,0.21,0.18,0.16,0.13,0.11,0.09,0.068,0.051,0.036,0.023,0.013,0.006,0.002,0,0.002,0.006,0.013,0.023,0.035,0.05,0.067,0.085,0.11,0.13,0.15,0.18,0.21,0.23,0.26,0.29,0.32,0.35,0.39,0.42,0.45,0.48,0.51,0.55,0.58,0.61,0.64,0.67,0.69,0.72,0.75,0.77,0.79,0.81,0.833,0.85,0.865,0.877,0.887,0.894,0.898,0.9,0.898,0.892,0.882,0.87,0.854,0.835,0.81,0.79,0.76,0.74,0.71,0.68,0.64,0.61,0.58,0.54,0.51,0.47,0.44,0.4,0.37,0.33,0.3,0.27,0.23,0.2,0.18,0.15,0.12,0.1,0.08,0.057,0.041,0.026,0.015,0.007,0.002,0,0,0,0,0,0,0,0,0,0,0,0,0,0,0,0,0,0,0,0,0,0,0,0,0,0,0,0,0,0,0,0,0,0,0,0,0,0,0,0
PARAM_Arm RT Angle=0,0.009,0.03,0.08,0.13,0.2,0.28,0.37,0.47,0.58,0.7,0.82,0.95,1.08,1.21,1.35,1.49,1.63,1.77,1.91,2.05,2.18,2.31,2.44,2.56,2.68,2.78,2.88,2.97,3.05,3.13,3.19,3.23,3.27,3.29,3.3,3.294,3.275,3.24,3.2,3.15,3.09,3.02,2.94,2.85,2.76,2.66,2.56,2.45,2.33,2.22,2.1,1.98,1.85,1.73,1.6,1.48,1.36,1.24,1.12,1,0.89,0.78,0.68,0.58,0.49,0.4,0.32,0.25,0.19,0.13,0.08,0.05,0.02,0.006,0,0.006,0.022,0.05,0.08,0.13,0.18,0.24,0.31,0.39,0.47,0.56,0.65,0.75,0.86,0.96,1.07,1.18,1.3,1.41,1.53,1.65,1.77,1.89,2,2.12,2.23,2.34,2.44,2.55,2.65,2.74,2.83,2.91,2.99,3.06,3.12,3.17,3.22,3.25,3.28,3.294,3.3,3.292,3.27,3.24,3.19,3.13,3.06,2.98,2.9,2.8,2.7,2.59,2.48,2.36,2.24,2.12,1.99,1.86,1.73,1.6,1.47,1.34,1.22,1.1,0.98,0.86,0.75,0.64,0.54,0.45,0.36,0.28,0.21,0.15,0.1,0.06,0.03,0.006,0,0,0,0,0,0,0,0,0,0,0,0,0,0,0,0,0,0,0,0,0,0,0,0,0,0,0,0,0,0,0,0,0,0,0,0,0,0,0,0
PARAM_Arm LB Agle=0
PARAM_Arm RB Agle=0
PARAM_Arm L hand=0
PARAM_Arm R hand=0
PARAM_Hair Twist L=0
PARAM_Hair Twist R=0
PARAM_Hairfront_vive=0,0,0,0,0,0,0,0,0,0,0,0,0,0,0,0,0,0,0,0,0,0.004,0.017,0.036,0.06,0.09,0.12,0.16,0.2,0.24,0.29,0.33,0.37,0.41,0.46,0.49,0.53,0.56,0.59,0.62,0.64,0.657,0.667,0.67,0.667,0.659,0.646,0.627,0.6,0.58,0.55,0.51,0.47,0.43,0.39,0.34,0.29,0.24,0.18,0.13,0.07,0.01,-0.05,-0.11,-0.16,-0.22,-0.28,-0.34,-0.4,-0.46,-0.51,-0.57,-0.62,-0.67,-0.72,-0.76,-0.8,-0.84,-0.88,-0.91,-0.93,-0.96,-0.976,-0.989,-0.997,-1,-0.997,-0.99,-0.978,-0.96,-0.94,-0.91,-0.88,-0.85,-0.82,-0.78,-0.73,-0.69,-0.64,-0.59,-0.54,-0.48,-0.43,-0.37,-0.31,-0.25,-0.19,-0.12,-0.06,0,0.06,0.12,0.19,0.25,0.31,0.37,0.43,0.48,0.54,0.59,0.64,0.69,0.73,0.78,0.82,0.85,0.88,0.91,0.94,0.96,0.978,0.99,0.997,1,0.998,0.993,0.985,0.975,0.961,0.946,0.927,0.907,0.88,0.86,0.84,0.81,0.78,0.75,0.72,0.69,0.66,0.62,0.59,0.55,0.52,0.49,0.45,0.42,0.39,0.35,0.32,0.29,0.26,0.23,0.2,0.18,0.15,0.13,0.1,0.08,0.065,0.049,0.034,0.022,0.013,0.006,0.001,0,0.03,0.1,0.21,0.33,0.47,0.59,0.7,0.77,0.8,0.75,0.63,0.49,0.35,0.21,0.1,0.03,0
PARAM_Hand L1=0
PARAM_Hand L2=0
PARAM_Hand L3=1
PARAM_HL4=0
PARAM_HL5=0
PARAM_HL6=0
PARAM_HL7=0
PARAM_Hand_L8=0
PARAM_Hand_L9=0
PARAM_Hand R1=0
PARAM_Hand R2=0
PARAM_Hand R3=1
PARAM_HR4=0
PARAM_HR5=0
PARAM_HR6=0
PARAM_HR7=0
PARAM_Hand_R8=0
PARAM_Hand_R9=0
PARAM_moveX=0
PARAM_moveY=0
PARAM_bodyS=0
PARAM_shangxia=0
PARAM_eyeFX=0
PARAM_deng_moveX=0
PARAM_deng_moveY=0
PARAM_deng_qiehuan=0
PARAM_dengguang=0
PARAM_arm_LFX=0
PARAM_dengxianshi=1