# Live2D Animator Motion Data
$fps=30

PARAM_ANGLE_X=0,5.09,7,6.1,3.91,1,-1.91,-4.1,-5,-3.55,-3,-3,-3,-3,-3,-3,-3,-3,-3,-3,-2.03,-0.44,0.65,1,0.03,-1.56,-2.65,-3,-3,-3,-3,-3,-2.991,-2.96,-2.92,-2.86,-2.78,-2.69,-2.59,-2.47,-2.34,-2.2,-2.04,-1.88,-1.71,-1.52,-1.33,-1.13,-0.92,-0.71,-0.5,-0.27,-0.05,0.18,0.42,0.65,0.88,1.12,1.35,1.58,1.82,2.05,2.27,2.5,2.71,2.92,3.13,3.33,3.52,3.71,3.88,4.04,4.2,4.34,4.47,4.59,4.69,4.78,4.86,4.92,4.96,4.99,5,4.94,4.77,4.51,4.19,3.82,3.42,2.99,2.56,2.12,1.71,1.31,0.95,0.63,0.37,0.17,0.04,0,0,0,0,0,0,0,0,0,0,0,0,0,0,0,0,0
PARAM_ANGLE_Y=0,1.51,4.77,8.83,13.05,16.9,20.09,22.21,23,12.1,8,9.43,11.72,13.86,15.4,16,10.67,1.94,-4.05,-6,-1.88,4.86,9.49,11,7.37,1.42,-2.67,-4,-0.61,4.95,8.76,10,9.999,9.997,9.992,9.986,9.978,9.968,9.955,9.941,9.924,9.904,9.88,9.86,9.83,9.8,9.77,9.73,9.69,9.65,9.61,9.56,9.51,9.45,9.4,9.33,9.27,9.2,9.13,9.05,8.97,8.88,8.79,8.7,8.6,8.5,8.39,8.28,8.17,8.04,7.92,7.79,7.65,7.51,7.36,7.21,7.06,6.9,6.73,6.55,6.37,6.19,6,5.73,5.4,5,4.56,4.1,3.62,3.13,2.65,2.18,1.74,1.33,0.96,0.63,0.37,0.17,0.04,0,0,0,0,0,0,0,0,0,0,0,0,0,0,0,0,0
PARAM_ANGLE_Z=0,7.27,10,9.47,8.29,6.65,4.57,2,-0.43,3.52,5,2.85,-0.58,-3.78,-6.1,-7,-6.41,-5.08,-3.53,-2,0.28,1.43,1.89,2,1.33,0.05,-1.12,-2,-2.92,-3.6,-4.22,-4.91,-5.77,-7,-8.51,-10.09,-11.76,-13.45,-15.07,-16.65,-18.11,-19.38,-20.46,-21.29,-21.81,-22,-21.94,-21.76,-21.47,-21.07,-20.59,-20,-19.34,-18.61,-17.8,-16.92,-16.01,-15.03,-14.03,-12.99,-11.93,-10.84,-9.74,-8.64,-7.53,-6.45,-5.36,-4.31,-3.28,-2.29,-1.33,-0.42,0.44,1.23,1.98,2.65,3.24,3.76,4.19,4.54,4.79,4.95,5,4.94,4.77,4.51,4.19,3.82,3.42,2.99,2.56,2.12,1.71,1.31,0.95,0.63,0.37,0.17,0.04,0,0,0,0,0,0,0,0,0,0,0,0,0,0,0,0,0
PARAM_BROW_L_Y=0
PARAM_BROW_R_Y=0
PARAM_BROW_L_X=0,0,0,0,0,0,0,0,0,0.004,0.012,0.024,0.04,0.06,0.1,0.1,0.099,0.097,0.095,0.093,0.09,0.087,0.084,0.08,0.077,0.074,0.071,0.068,0.066,0.064,0.062,0.061,0.06,0.06,0.06,0.06,0.06,0.06,0.06,0.06,0.06,0.06,0.06,0.06,0.06,0.06,0.06,0.06,0.06,0.06,0.06,0.06,0.06,0.06,0.06,0.06,0.06,0.06,0.06,0.06,0.06,0.06,0.06,0.06,0.06,0.06,0.06,0.06,0.06,0.06,0.06,0.06,0.06,0.06,0.06,0.06,0.06,0.06,0.06,0.06,0.06,0.06,0.06,0.059,0.057,0.054,0.05,0.046,0.041,0.036,0.031,0.025,0.02,0.016,0.011,0.008,0.004,0.002,0.001,0,0,0,0,0,0,0,0,0,0,0,0,0,0,0,0,0
PARAM_BROW_R_X=0
PARAM_eyebrow Change=0
PARAM_eyebrow2 Rotate=0,0,0,0,0,0,0,0,0,0,0,0.004,0.015,0.032,0.05,0.08,0.11,0.14,0.17,0.19,0.22,0.25,0.27,0.285,0.298,0.306,0.309,0.31,0.31,0.31,0.31,0.31,0.31,0.31,0.31,0.31,0.31,0.31,0.31,0.31,0.31,0.31,0.31,0.31,0.31,0.31,0.31,0.31,0.31,0.31,0.31,0.31,0.31,0.31,0.31,0.31,0.31,0.31,0.31,0.31,0.31,0.31,0.31,0.31,0.31,0.31,0.31,0.31,0.31,0.31,0.31,0.31,0.31,0.31,0.31,0.31,0.31,0.31,0.31,0.31,0.31,0.31,0.31,0.305,0.294,0.278,0.259,0.24,0.21,0.18,0.16,0.13,0.11,0.08,0.06,0.039,0.023,0.011,0.003,0,0,0,0,0,0,0,0,0,0,0,0,0,0,0,0,0
PARAM_EYE_L_OPEN=1,0.74,0.26,0,0.18,0.46,0.73,0.92,1,0.96,0.85,0.71,0.57,0.46,0.42,0.42,0.42,0.42,0.42,0.42,0.42,0.42,0.42,0.42,0.42,0.42,0.46,0.54,0.64,0.75,0.85,0.93,0.98,1,0.92,0.74,0.5,0.26,0.08,0,0,0,0,0,0,0,0,0,0,0,0,0,0,0,0,0,0,0,0,0,0,0.26,0.74,1,0.27,0,0.26,0.74,1,0.27,0,0.26,0.74,1,1,1,1,1,1,1,1,1,1,1,1,1,1,1,1,1,1,1,1,1,1,1,1,1,1,1,1,1,1,1,1,1,1,1,1,1,1,1,1,1,1,1
PARAM_EYE_R_OPEN=1,0.74,0.26,0,0.18,0.46,0.73,0.92,1,0.96,0.87,0.74,0.61,0.51,0.46,0.448,0.44,0.433,0.429,0.425,0.423,0.421,0.421,0.42,0.42,0.42,0.46,0.54,0.64,0.75,0.85,0.93,0.98,1,0.92,0.74,0.5,0.26,0.08,0,0,0,0,0.26,0.74,1,1,1,1,1,1,1,1,1,1,1,1,1,1,1,1,1,1,1,0.27,0,0.26,0.74,1,0.27,0,0.26,0.74,1,1,1,1,1,1,1,1,1,1,1,1,1,1,1,1,1,1,1,1,1,1,1,1,1,1,1,1,1,1,1,1,1,1,1,1,1,1,1,1,1,1,1
PARAM_Smile eye=1
PARAM_Angry eye=0
PARAM_EYE_BALL_X=0,0.004,0.012,0.023,0.034,0.044,0.052,0.058,0.06,0.049,0.032,0.016,0.005,0,0,0,0,0,0,0,0,0,0,0,0,0,0,0,0,0,0,0,0,0,0,0,0,0,0,0,0,0,0,0,0,0,0,0,0,0,0,0,0,0,0,0,0,0,0,0,0,0,0,0,0,0,0,0,0,0,0,0,0,0,0,0,0,0,0,0,0,0,0,0,0,0,0,0,0,0,0,0,0,0,0,0,0,0,0,0,0,0,0,0,0,0,0,0,0,0,0,0,0,0,0,0
PARAM_EYE_BALL_Y=0,-0.019,-0.06,-0.11,-0.16,-0.21,-0.25,-0.28,-0.29,-0.24,-0.16,-0.08,-0.02,0,0,0,0,0,0,0,0,0,0,0,0,0,0,0,0,0,0,0,0,0,0,0,0,0,0,0,0,0,0,0,0,0,0,0,0,0,0,0,0,0,0,0,0,0,0,0,0,0,0,0,0,0,0,0,0,0,0,0,0,0,0,0,0,0,0,0,0,0,0,0,0,0,0,0,0,0,0,0,0,0,0,0,0,0,0,0,0,0,0,0,0,0,0,0,0,0,0,0,0,0,0,0
PARAM_MOUTH_FORM=0,0.003,0.011,0.023,0.04,0.06,0.09,0.12,0.15,0.18,0.22,0.26,0.3,0.34,0.39,0.43,0.48,0.52,0.57,0.61,0.66,0.7,0.74,0.78,0.82,0.85,0.88,0.91,0.94,0.96,0.977,0.989,0.997,1,0.991,0.97,0.93,0.87,0.81,0.74,0.67,0.59,0.51,0.43,0.35,0.28,0.21,0.15,0.1,0.06,0.03,0.007,0,0,0,0,0,0,0,0,0,0,0,0,0,0,0,0,0,0,0,0,0,0,0,0,0,0,0,0,0,0,0,0,0,0,0,0,0,0,0,0,0,0,0,0,0,0,0,0,0,0,0,0,0,0,0,0,0,0,0,0,0,0,0,0
PARAM_MOUTH_OPEN_Y=0,0,0,0,0,0,0,0,0,0.36,0.52,0.57,0.61,0.65,0.69,0.73,0.76,0.79,0.82,0.84,0.87,0.89,0.906,0.923,0.939,0.952,0.963,0.973,0.982,0.988,0.994,0.997,0.999,1,0.991,0.97,0.93,0.87,0.81,0.74,0.67,0.59,0.51,0.43,0.35,0.28,0.21,0.15,0.1,0.06,0.03,0.007,0,0,0,0,0,0,0,0,0,0,0,0,0,0,0,0,0,0,0,0,0,0,0,0,0,0,0,0,0,0,0,1,0.987,0.95,0.9,0.83,0.74,0.65,0.56,0.46,0.37,0.28,0.2,0.13,0.08,0.04,0.01,0,0,0,0,0,0,0,0,0,0,0,0,0,0,0,0,0
PARAM_Mouth=0,0,0,0,0,0,0,0,0,0,0,0,0,0,0,0,0,0,0,0,0,0,0,0,0,0,0,0,0,0,0,0,0,0,-0.26,-0.74,-1,-0.987,-0.95,-0.9,-0.83,-0.74,-0.65,-0.56,-0.46,-0.37,-0.28,-0.2,-0.13,-0.08,-0.04,-0.01,0,0,0,0,0,0,0,0,0,0,0,0,0,0,0,0,0,0,0,0,0,0,0,0,0,0,0,0,0,0,0,-1,-0.987,-0.95,-0.9,-0.83,-0.74,-0.65,-0.56,-0.46,-0.37,-0.28,-0.2,-0.13,-0.08,-0.04,-0.01,0,0,0,0,0,0,0,0,0,0,0,0,0,0,0,0,0
PARAM_Mouth Angle=0
PARAM_CHEEK=1
PARAM_BODY_ANGLE_X=0,0.1,0.34,0.71,1.19,1.75,2.42,3.16,4,4.88,5,4.96,4.85,4.68,4.45,4.16,3.84,3.46,3.06,2.61,2.15,1.65,1.13,0.6,0.05,-0.51,-1.07,-1.64,-2.21,-2.79,-3.36,-3.92,-4.46,-5,-5.51,-5.91,-6.24,-6.5,-6.69,-6.83,-6.92,-6.97,-7,-7.005,-7.003,-7,-7,-7,-7,-7,-7,-7,-7,-7,-7,-7,-7,-7,-7,-7,-7,-7,-7,-7,-7,-7,-7,-7,-7,-7,-7,-7,-7,-7,-7,-7,-7,-7,-7,-7,-7,-7,-7,-6.91,-6.68,-6.32,-5.87,-5.35,-4.79,-4.18,-3.58,-2.97,-2.39,-1.84,-1.33,-0.89,-0.52,-0.24,-0.06,0,0,0,0,0,0,0,0,0,0,0,0,0,0,0,0,0
PARAM_BODY_ANGLE_Z=0,-0.03,-0.09,-0.19,-0.32,-0.5,-0.75,-0.95,-1.04,-1.03,-1.011,-1,-1,-1,-1,-1,-1,-1,-1,-1,-1,-1,-1,-1,-1,-1,-1,-1,-1,-1,-1,-1,-1,-1,-1,-1,-1,-1,-1,-1,-1,-1,-1,-1,-1,-1,-1,-1,-1,-1,-1,-1,-1,-1,-1,-1,-1,-1,-1,-1,-1,-1,-1,-1,-1,-1,-1,-1,-1,-1,-1,-1,-1,-1,-1,-1,-1,-1,-1,-1,-1,-1,-1,-0.987,-0.95,-0.9,-0.84,-0.76,-0.68,-0.6,-0.51,-0.42,-0.34,-0.26,-0.19,-0.13,-0.07,-0.03,-0.01,0,0,0,0,0,0,0,0,0,0,0,0,0,0,0,0,0
PARAM_BREATH=0,0.05,0.17,0.33,0.48,0.6,0.65,0.649,0.65,0.656,0.668,0.679,0.687,0.69,0.52,0.25,0.06,0,0.17,0.44,0.63,0.69,0.52,0.25,0.06,0,0.17,0.44,0.63,0.69,0.52,0.25,0.06,0,0.03,0.11,0.21,0.3,0.38,0.41,0.38,0.3,0.21,0.11,0.03,0,0.02,0.07,0.13,0.19,0.23,0.26,0.273,0.271,0.264,0.255,0.242,0.228,0.212,0.195,0.178,0.161,0.145,0.13,0.118,0.108,0.102,0.1,0.1,0.102,0.106,0.11,0.116,0.124,0.133,0.143,0.156,0.17,0.187,0.205,0.226,0.25,0.27,0.31,0.35,0.364,0.37,0.363,0.343,0.31,0.28,0.23,0.19,0.15,0.11,0.07,0.04,0.02,0.005,0,0,0,0,0,0,0,0,0,0,0,0,0,0,0,0,0
PARAM_Bust Angle X=0,1.21,3.19,4.56,5,4.95,4.75,4.42,4,0.99,0,0.73,1,0.52,-0.28,-0.82,-1,1.18,4.75,7.2,8,7.01,4.97,2.85,1,-1.46,-2.54,-2.92,-3,-2.85,-2.48,-2,-1.52,-1.15,-1,-1,-1,-1,-1,-1,-1,-1,-1,-1,-1,-1,-1,-1,-1,-1,-1,-1,-1,-1,-1,-1,-1,-1,-1,-1,-1,-1,-1,-1,-1,-1,-1,-1,-1,-1,-1,-1,-1,-1,-1,-1,-1,-1,-1,-1,-1,-1,-1,-0.987,-0.95,-0.9,-0.84,-0.76,-0.68,-0.6,-0.51,-0.42,-0.34,-0.26,-0.19,-0.13,-0.07,-0.03,-0.01,0,0,0,0,0,0,0,0,0,0,0,0,0,0,0,0,0
PARAM_Bust Angle Y=0,-3.15,-8.31,-11.85,-13,-6.22,4.89,12.52,15,15,15,3.37,-1,2.87,9.22,13.58,15,7.74,-4.17,-12.34,-15,-7.98,3.53,11.43,14,6.98,-4.53,-12.43,-15,-13.2,-8.82,-3,2.82,7.2,9,9,9,9,9,9,9,9,9,9,9,9,9,9,9,9,9,9,9,9,9,9,9,9,9,9,9,9,9,9,9,9,9,9,9,9,9,9,9,9,9,9,9,9,9,9,9,9,9,8.89,8.58,8.12,7.54,6.88,6.15,5.38,4.61,3.82,3.07,2.36,1.71,1.14,0.67,0.31,0.08,0,0,0,0,0,0,0,0,0,0,0,0,0,0,0,0,0
PARAM_Arm LT Angle=0.07,0.065,0.052,0.035,0.018,0.005,0,0,0.004,0.009,0.018,0.032,0.05,0.08,0.1,0.116,0.12,0.103,0.08,0.056,0.05,0.067,0.09,0.114,0.12,0.103,0.08,0.056,0.05,0.052,0.059,0.068,0.079,0.091,0.102,0.111,0.118,0.12,0.118,0.114,0.107,0.099,0.089,0.078,0.066,0.054,0.042,0.031,0.021,0.013,0.006,0.002,0,0,0,0,0,0,0,0,0,0,0,0,0,0,0,0,0,0,0,0,0,0,0,0,0,0,0,0,0,0,0,0.07,0.07,0.07,0.07,0.07,0.07,0.07,0.07,0.07,0.07,0.07,0.07,0.07,0.07,0.07,0.07,0.07,0.07,0.07,0.07,0.07,0.07,0.07,0.07,0.07,0.07,0.07,0.07,0.07,0.07,0.07,0.07,0.07
PARAM_Arm RT Angle=0.07,0.065,0.052,0.035,0.018,0.005,0,0,0.004,0.009,0.018,0.032,0.05,0.08,0.1,0.116,0.12,0.103,0.08,0.056,0.05,0.067,0.09,0.114,0.12,0.103,0.08,0.056,0.05,0.052,0.059,0.068,0.079,0.091,0.102,0.111,0.118,0.12,0.118,0.114,0.107,0.099,0.089,0.078,0.066,0.054,0.042,0.031,0.021,0.013,0.006,0.002,0,0,0,0,0,0,0,0,0,0,0,0,0,0,0,0,0,0,0,0,0,0,0,0,0,0,0,0,0,0,0,0.07,0.07,0.07,0.07,0.07,0.07,0.07,0.07,0.07,0.07,0.07,0.07,0.07,0.07,0.07,0.07,0.07,0.07,0.07,0.07,0.07,0.07,0.07,0.07,0.07,0.07,0.07,0.07,0.07,0.07,0.07,0.07,0.07
PARAM_Arm LB Agle=0,0.05,0.16,0.3,0.44,0.57,0.67,0.74,0.77,0.77,0.77,0.77,0.77,0.77,0.77,0.77,0.77,0.77,0.77,0.77,0.77,0.77,0.77,0.77,0.77,0.77,0.77,0.77,0.77,0.77,0.77,0.77,0.77,0.77,0.77,0.77,0.77,0.77,0.76,0.73,0.69,0.63,0.57,0.5,0.42,0.35,0.27,0.2,0.14,0.08,0.04,0.01,0,0,0,0,0,0,0,0,0,0,0,0,0,0,0,0,0,0,0,0,0,0,0,0,0,0,0,0,0,0,0,0,0,0,0,0,0,0,0,0,0,0,0,0,0,0,0,0,0,0,0,0,0,0,0,0,0,0,0,0,0,0,0,0
PARAM_Arm RB Agle=0,0.05,0.17,0.31,0.46,0.6,0.71,0.78,0.81,0.81,0.81,0.81,0.81,0.81,0.81,0.81,0.81,0.81,0.81,0.81,0.81,0.81,0.81,0.81,0.81,0.81,0.81,0.81,0.81,0.81,0.81,0.81,0.81,0.81,0.81,0.81,0.81,0.81,0.8,0.77,0.73,0.67,0.6,0.52,0.45,0.36,0.29,0.21,0.14,0.08,0.04,0.01,0,0,0,0,0,0,0,0,0,0,0,0,0,0,0,0,0,0,0,0,0,0,0,0,0,0,0,0,0,0,0,0,0,0,0,0,0,0,0,0,0,0,0,0,0,0,0,0,0,0,0,0,0,0,0,0,0,0,0,0,0,0,0,0
PARAM_Arm L hand=0
PARAM_Arm R hand=0
PARAM_Hair Twist L=0.4,0.55,0.78,0.95,1,0.94,0.79,0.59,0.35,0.03,-0.19,-0.27,-0.05,0.35,0.57,0.45,0.24,0.13,0.19,0.33,0.52,0.71,0.85,0.91,0.87,0.76,0.6,0.42,0.22,0.04,-0.12,-0.23,-0.27,-0.27,-0.27,-0.27,-0.27,-0.27,-0.27,-0.27,-0.27,-0.27,-0.27,-0.27,-0.27,-0.27,-0.27,-0.27,-0.27,-0.27,-0.27,-0.27,-0.27,-0.27,-0.27,-0.27,-0.27,-0.27,-0.27,-0.27,-0.27,-0.27,-0.27,-0.27,-0.27,-0.27,-0.27,-0.27,-0.27,-0.27,-0.27,-0.27,-0.27,-0.27,-0.27,-0.27,-0.27,-0.27,-0.27,-0.27,-0.27,-0.27,-0.27,-0.262,-0.24,-0.2,-0.16,-0.11,-0.06,0,0.06,0.12,0.17,0.22,0.27,0.32,0.35,0.38,0.394,0.4,0.4,0.4,0.4,0.4,0.4,0.4,0.4,0.4,0.4,0.4,0.4,0.4,0.4,0.4,0.4,0.4
PARAM_Hair Twist R=-0.6,-0.611,-0.64,-0.67,-0.7,-0.73,-0.744,-0.75,-0.736,-0.62,-0.5,-0.44,-0.52,-0.67,-0.75,-0.73,-0.67,-0.58,-0.48,-0.38,-0.28,-0.2,-0.14,-0.1,-0.087,-0.11,-0.16,-0.22,-0.29,-0.35,-0.4,-0.43,-0.44,-0.44,-0.44,-0.44,-0.44,-0.44,-0.44,-0.44,-0.44,-0.44,-0.44,-0.44,-0.44,-0.44,-0.44,-0.44,-0.44,-0.44,-0.44,-0.44,-0.44,-0.44,-0.44,-0.44,-0.44,-0.44,-0.44,-0.44,-0.44,-0.44,-0.44,-0.44,-0.44,-0.44,-0.44,-0.44,-0.44,-0.44,-0.44,-0.44,-0.44,-0.44,-0.44,-0.44,-0.44,-0.44,-0.44,-0.44,-0.44,-0.44,-0.44,-0.442,-0.447,-0.456,-0.466,-0.478,-0.491,-0.504,-0.518,-0.532,-0.545,-0.558,-0.57,-0.58,-0.588,-0.594,-0.599,-0.6,-0.6,-0.6,-0.6,-0.6,-0.6,-0.6,-0.6,-0.6,-0.6,-0.6,-0.6,-0.6,-0.6,-0.6,-0.6,-0.6
PARAM_Hairfront_vive=0,0.07,0.25,0.47,0.68,0.85,0.96,1,0.86,0.63,0.47,0.33,0.18,0.01,-0.23,-0.44,-0.61,-0.74,-0.83,-0.88,-0.9,-0.85,-0.74,-0.59,-0.44,-0.33,-0.28,-0.34,-0.44,-0.51,-0.53,-0.4,-0.18,-0.04,0.01,0.01,0.01,0.01,0.01,0.01,0.01,0.01,0.01,0.01,0.01,0.01,0.01,0.01,0.01,0.01,0.01,0.01,0.01,0.01,0.01,0.01,0.01,0.01,0.01,0.01,0.01,0.01,0.01,0.01,0.01,0.01,0.01,0.01,0.01,0.01,0.01,0.01,0.01,0.01,0.01,0.01,0.01,0.01,0.01,0.01,0.01,0.01,0.01,0.014,0.025,0.042,0.06,0.09,0.12,0.15,0.18,0.21,0.25,0.28,0.31,0.34,0.37,0.4,0.42,0.435,0.448,0.457,0.46,0.4,0.27,0.1,-0.07,-0.2,-0.28,-0.31,-0.29,-0.23,-0.16,-0.08,-0.02,0
PARAM_Hand L1=0
PARAM_Hand L2=0
PARAM_Hand L3=0,0,0,0,0,1,1,1,1,1,1,1,1,1,1,1,1,1,1,1,1,1,1,1,1,1,1,1,1,1,1,1,1,1,1,1,1,1,1,1,0,0,0,0,0,0,0,0,0,0,0,0,0,0,0,0,0,0,0,0,0,0,0,0,0,0,0,0,0,0,0,0,0,0,0,0,0,0,0,0,0,0,0,0,0,0,0,0,0,0,0,0,0,0,0,0,0,0,0,0,0,0,0,0,0,0,0,0,0,0,0,0,0,0,0,0
PARAM_HL4=1,1,1,1,1,0,0,0,0,0,0,0,0,0,0,0,0,0,0,0,0,0,0,0,0,0,0,0,0,0,0,0,0,0,0,0,0,0,0,0,0,0,0,0,0,0,0,0,0,0,0,0,0,0,0,0,0,0,0,0,0,0,0,0,0,0,0,0,0,0,0,0,0,0,0,0,0,0,0,0,0,0,0,1,1,1,1,1,1,1,1,1,1,1,1,1,1,1,1,1,1,1,1,1,1,1,1,1,1,1,1,1,1,1,1,1
PARAM_HL5=0
PARAM_HL6=0
PARAM_HL7=0
PARAM_Hand R1=0
PARAM_Hand R2=0
PARAM_Hand R3=0,0,0,0,0,1,1,1,1,1,1,1,1,1,1,1,1,1,1,1,1,1,1,1,1,1,1,1,1,1,1,1,1,1,1,1,1,1,1,1,0,0,0,0,0,0,0,0,0,0,0,0,0,0,0,0,0,0,0,0,0,0,0,0,0,0,0,0,0,0,0,0,0,0,0,0,0,0,0,0,0,0,0,0,0,0,0,0,0,0,0,0,0,0,0,0,0,0,0,0,0,0,0,0,0,0,0,0,0,0,0,0,0,0,0,0
PARAM_HR4=1,1,1,1,1,0,0,0,0,0,0,0,0,0,0,0,0,0,0,0,0,0,0,0,0,0,0,0,0,0,0,0,0,0,0,0,0,0,0,0,0,0,0,0,0,0,0,0,0,0,0,0,0,0,0,0,0,0,0,0,0,0,0,0,0,0,0,0,0,0,0,0,0,0,0,0,0,0,0,0,0,0,0,1,1,1,1,1,1,1,1,1,1,1,1,1,1,1,1,1,1,1,1,1,1,1,1,1,1,1,1,1,1,1,1,1
PARAM_HR5=0
PARAM_HR6=0
PARAM_HR7=0
PARAM_suprise=0
PARAM_mouth=1
PARAM_FXmouth=0,0,0,0,0,0,0,0,0,0,0,0,0,0,0,0,0,0,0,0,0,0,0,0,0,0,0,0,0,0,0,0,0,0,0,0,0,1,1,1,1,1,1,1,1,1,1,1,1,1,1,1,1,1,1,1,1,1,1,1,1,1,1,1,1,1,1,1,1,1,1,1,1,1,1,1,1,1,1,1,1,1,1,0,0,0,0,0,0,0,0,0,0,0,0,0,0,0,0,0,0,0,0,0,0,0,0,0,0,0,0,0,0,0,0,0
PARAM_shoutao=1,1,1,1,1,1,1,1,1,1,1,1,1,1,1,1,1,1,1,1,1,1,1,1,1,1,1,1,1,1,1,1,1,1,1,1,1,1,1,1,0,0,0,0,0,0,0,0,0,0,0,0,0,0,0,0,0,0,0,0,0,0,0,0,0,0,0,0,0,0,0,0,0,0,0,0,0,0,0,0,0,0,0,1,1,1,1,1,1,1,1,1,1,1,1,1,1,1,1,1,1,1,1,1,1,1,1,1,1,1,1,1,1,1,1,1
PARAM_shoutao2=0
PARAM_shoutao3=0
PARAM_moveX=0
PARAM_moveY=0,0,0,0,0,0,0,0,0,0,0,0,0,0,0,0,0,0,0,0,0,0,0,0,0,0,0,0,0,0,0,0,0,0,0.08,0.26,0.5,0.74,0.92,1,0.62,-0.29,-1.5,-2.71,-3.62,-4,-4,-4,-4,-4,-4,-4,-4,-4,-4,-4,-4,-4,-4,-4,-4,-4,-4,-4,-4,-4,-4,-4,-4,-4,-4,-4,-4,-4,-4,-4,-4,-4,-4,-4,-4,-4,-4,-3.95,-3.82,-3.61,-3.35,-3.06,-2.73,-2.39,-2.05,-1.7,-1.37,-1.05,-0.76,-0.51,-0.3,-0.14,-0.04,0,0,0,0,0,0,0,0,0,0,0,0,0,0,0,0,0
PARAM_bodyS=0,0,0,0,0,0,0,0,0,0,0,0,0,0,0,0,0,0,0,0,0,0,0,0,0,0,0,0,0,0,0,0,0,0,0.12,0.44,0.94,1.56,2.25,3,3.75,4.44,5.06,5.56,5.88,6,6,6,6,6,6,6,6,6,6,6,6,6,6,6,6,6,6,6,6,6,6,6,6,6,6,6,6,6,6,6,6,6,6,6,6,6,6,5.92,5.72,5.41,5.03,4.59,4.1,3.59,3.07,2.54,2.05,1.58,1.14,0.76,0.45,0.21,0.05,0,0,0,0,0,0,0,0,0,0,0,0,0,0,0,0,0
PARAM_ruyao=0
PARAM_shangxia=0,0,0,0,0,0,0,0,0,0,0,0,0,0,0,0,0,0,0,0,0,0,0,0,0,0,0,0,0,0,0,0,0,0,0,0,0,0,0,0,0,0,0,0,0.18,0.46,0.73,0.92,1,0.76,0.36,0.09,0,0,0,0,0,0,0,0,0,0,0,0,0,0,0,0,0,0,0,0,0,0,0,0,0,0,0,0,0,0,0,0,0,0,0,0,0,0,0,0,0,0,0,0,0,0,0,0,0,0,0,0,0,0,0,0,0,0,0,0,0,0,0,0
PARAM_Vzuoshou=0,0,0,0,0,0,0,0,0,0,0,0,0,0,0,0,0,0,0,0,0,0,0,0,0,0,0,0,0,0,0,0,0,0,0,0,0,0,0,0,1,1,1,1,1,1,1,1,1,1,1,1,1,1,1,1,1,1,1,1,1,1,1,1,1,1,1,1,1,1,1,1,1,1,1,1,1,1,1,1,1,1,1,0,0,0,0,0,0,0,0,0,0,0,0,0,0,0,0,0,0,0,0,0,0,0,0,0,0,0,0,0,0,0,0,0
PARAM_Vyoushou=0,0,0,0,0,0,0,0,0,0,0,0,0,0,0,0,0,0,0,0,0,0,0,0,0,0,0,0,0,0,0,0,0,0,0,0,0,0,0,0,1,1,1,1,1,1,1,1,1,1,1,1,1,1,1,1,1,1,1,1,1,1,1,1,1,1,1,1,1,1,1,1,1,1,1,1,1,1,1,1,1,1,1,0,0,0,0,0,0,0,0,0,0,0,0,0,0,0,0,0,0,0,0,0,0,0,0,0,0,0,0,0,0,0,0,0
VISIBLE:PARTS_01_FACE_001=1
VISIBLE:PARTS_01_EYE_001=1
VISIBLE:PARTS_01_EYE_BALL_001=1
VISIBLE:PARTS_01_BROW_001=1
VISIBLE:PARTS_01_MOUTH_001=1
VISIBLE:PARTS_01_NOSE_001=1
VISIBLE:PARTS_01_EAR_001=1
VISIBLE:PARTS_01_HAIR_FRONT_001=1
VISIBLE:PARTS_01_HAIR_SIDE_001=1
VISIBLE:PARTS_01_HAIR_BACK_001=1
VISIBLE:PARTS_01_NECK=1
VISIBLE:PARTS_01_BODY=1
VISIBLE:PARTS_01_SKETCH=1