# Live2D Animator Motion Data
$fps=30

PARAM_ANGLE_X=0,-0.013,-0.05,-0.11,-0.19,-0.3,-0.42,-0.55,-0.7,-0.86,-1.04,-1.22,-1.41,-1.6,-1.8,-2,-2.2,-2.4,-2.59,-2.78,-2.96,-3.14,-3.3,-3.45,-3.58,-3.7,-3.81,-3.89,-3.95,-3.99,-4,-3.993,-3.97,-3.94,-3.89,-3.83,-3.75,-3.67,-3.58,-3.47,-3.36,-3.23,-3.1,-2.96,-2.82,-2.67,-2.51,-2.34,-2.17,-2,-1.82,-1.65,-1.47,-1.28,-1.1,-0.91,-0.73,-0.54,-0.36,-0.18,0,0.18,0.35,0.52,0.69,0.85,1.01,1.17,1.33,1.48,1.63,1.78,1.92,2.06,2.2,2.33,2.46,2.59,2.72,2.84,2.96,3.08,3.19,3.3,3.41,3.52,3.62,3.72,3.82,3.91,4,4.09,4.17,4.24,4.32,4.38,4.45,4.5,4.56,4.61,4.65,4.7,4.74,4.77,4.8,4.83,4.86,4.88,4.9,4.922,4.938,4.952,4.964,4.973,4.981,4.988,4.992,4.996,4.998,5,5,4.981,4.92,4.83,4.71,4.55,4.37,4.17,3.95,3.71,3.45,3.17,2.89,2.59,2.3,2,1.7,1.41,1.11,0.83,0.55,0.29,0.05,-0.17,-0.37,-0.55,-0.71,-0.83,-0.92,-0.98,-1,-0.987,-0.95,-0.9,-0.82,-0.74,-0.65,-0.55,-0.45,-0.35,-0.26,-0.18,-0.1,-0.05,-0.01,0
PARAM_ANGLE_Y=0,-0.019,-0.08,-0.17,-0.29,-0.45,-0.63,-0.83,-1.05,-1.29,-1.55,-1.83,-2.11,-2.41,-2.7,-3,-3.3,-3.59,-3.89,-4.17,-4.45,-4.71,-4.95,-5.17,-5.37,-5.55,-5.71,-5.83,-5.92,-5.98,-6,-5.96,-5.86,-5.69,-5.47,-5.18,-4.85,-4.48,-4.07,-3.63,-3.15,-2.65,-2.13,-1.59,-1.05,-0.5,0.05,0.59,1.13,1.65,2.15,2.63,3.07,3.48,3.85,4.18,4.47,4.69,4.86,4.96,5,4.99,4.96,4.92,4.85,4.78,4.69,4.58,4.47,4.34,4.2,4.05,3.9,3.74,3.57,3.4,3.22,3.05,2.87,2.69,2.51,2.33,2.16,1.99,1.83,1.67,1.51,1.37,1.24,1.11,1,0.9,0.8,0.71,0.63,0.56,0.49,0.42,0.37,0.31,0.27,0.23,0.19,0.15,0.13,0.1,0.08,0.061,0.045,0.033,0.023,0.015,0.009,0.005,0.002,0,0,0,0,0,0,0.019,0.08,0.17,0.29,0.45,0.63,0.83,1.05,1.29,1.55,1.83,2.11,2.41,2.7,3,3.3,3.59,3.89,4.17,4.45,4.71,4.95,5.17,5.37,5.55,5.71,5.83,5.92,5.98,6,5.92,5.71,5.37,4.95,4.44,3.88,3.3,2.7,2.12,1.56,1.05,0.63,0.29,0.08,0
PARAM_ANGLE_Z=0
PARAM_BROW_L_Y=0
PARAM_BROW_R_Y=0
PARAM_BROW_L_X=0
PARAM_BROW_R_X=0
PARAM_eyebrow Change=0
PARAM_eyebrow2 Rotate=0
PARAM_EYE_L_OPEN=1,1,1,1,1,1,1,1,1,1,1,1,1,1,1,1,1,1,1,1,1,1,1,1,1,1,1,1,1,1,1,1,1,1,1,1,1,1,1,1,1,1,1,1,1,1,1,1,1,0.27,0,0.26,0.74,1,1,1,1,1,1,1,1,1,1,1,1,1,1,1,1,1,1,1,1,1,1,1,1,1,1,1,1,1,1,1,1,1,1,1,1,1,1,1,1,1,1,1,1,1,1,1,1,1,1,1,1,1,1,1,1,1,1,1,0.27,0,0.26,0.74,1,1,1,1,1,1,1,1,1,1,1,1,1,1,1,1,1,1,1,1,1,1,1,1,1,1,1,1,1,1,1,1,1,1,1,1,1,1,1,1,1,1,1,1,1,1,1,1,1,1
PARAM_EYE_R_OPEN=1,1,1,1,1,1,1,1,1,1,1,1,1,1,1,1,1,1,1,1,1,1,1,1,1,1,1,1,1,1,1,1,1,1,1,1,1,1,1,1,1,1,1,1,1,1,1,1,1,0.27,0,0.26,0.74,1,1,1,1,1,1,1,1,1,1,1,1,1,1,1,1,1,1,1,1,1,1,1,1,1,1,1,1,1,1,1,1,1,1,1,1,1,1,1,1,1,1,1,1,1,1,1,1,1,1,1,1,1,1,1,1,1,1,1,0.27,0,0.26,0.74,1,1,1,1,1,1,1,1,1,1,1,1,1,1,1,1,1,1,1,1,1,1,1,1,1,1,1,1,1,1,1,1,1,1,1,1,1,1,1,1,1,1,1,1,1,1,1,1,1,1
PARAM_Smile eye=1
PARAM_Angry eye=0
PARAM_EYE_BALL_X=0,0,-0.003,-0.006,-0.01,-0.015,-0.021,-0.027,-0.033,-0.04,-0.047,-0.053,-0.059,-0.065,-0.07,-0.074,-0.077,-0.079,-0.08,-0.079,-0.076,-0.071,-0.062,-0.051,-0.036,-0.02,0,0.03,0.05,0.07,0.087,0.105,0.121,0.135,0.148,0.159,0.169,0.176,0.182,0.187,0.189,0.19,0.19,0.19,0.188,0.186,0.184,0.182,0.179,0.175,0.171,0.166,0.161,0.155,0.149,0.143,0.135,0.127,0.119,0.11,0.06,0.057,0.054,0.051,0.049,0.046,0.043,0.041,0.038,0.036,0.033,0.031,0.028,0.026,0.024,0.021,0.018,0.016,0.013,0.011,0.008,0.005,0.002,-0.001,-0.004,-0.007,-0.01,-0.014,-0.019,-0.024,-0.029,-0.035,-0.041,-0.048,-0.054,-0.061,-0.069,-0.076,-0.084,-0.092,-0.1,-0.118,-0.15,-0.18,-0.21,-0.23,-0.245,-0.25,-0.249,-0.247,-0.244,-0.24,-0.235,-0.228,-0.221,-0.213,-0.205,-0.195,-0.186,-0.176,-0.165,-0.154,-0.143,-0.132,-0.121,-0.11,-0.099,-0.089,-0.078,-0.068,-0.059,-0.05,-0.042,-0.034,-0.028,-0.022,-0.017,-0.013,-0.01,-0.007,-0.005,-0.003,-0.002,-0.001,-0.001,0,0,0,0,0,0,0,0,0,0,0,0,0,0,0,0,0,0,0,0,0
PARAM_EYE_BALL_Y=0,-0.001,-0.004,-0.01,-0.016,-0.024,-0.034,-0.044,-0.054,-0.065,-0.076,-0.086,-0.096,-0.106,-0.114,-0.12,-0.126,-0.129,-0.13,-0.1,-0.04,0.03,0.1,0.16,0.2,0.21,0.21,0.21,0.21,0.209,0.208,0.206,0.205,0.203,0.2,0.197,0.194,0.19,0.186,0.181,0.176,0.17,0.163,0.156,0.149,0.142,0.135,0.129,0.122,0.116,0.11,0.104,0.099,0.094,0.09,0.087,0.084,0.082,0.08,0.08,0.38,0.376,0.366,0.35,0.33,0.3,0.27,0.24,0.21,0.17,0.13,0.09,0.05,0.01,-0.03,-0.07,-0.11,-0.14,-0.18,-0.21,-0.24,-0.27,-0.29,-0.306,-0.319,-0.327,-0.33,-0.328,-0.322,-0.313,-0.302,-0.29,-0.278,-0.265,-0.253,-0.242,-0.231,-0.223,-0.216,-0.212,-0.21,-0.213,-0.22,-0.229,-0.237,-0.244,-0.249,-0.25,-0.248,-0.243,-0.235,-0.225,-0.211,-0.195,-0.176,-0.156,-0.13,-0.11,-0.08,-0.06,-0.03,0,0.04,0.07,0.1,0.13,0.17,0.2,0.23,0.27,0.3,0.33,0.36,0.39,0.42,0.44,0.456,0.473,0.487,0.499,0.509,0.517,0.524,0.529,0.533,0.536,0.538,0.539,0.54,0.54,0.54,0.533,0.514,0.48,0.45,0.4,0.35,0.3,0.24,0.19,0.14,0.09,0.06,0.03,0.007,0
PARAM_MOUTH_FORM=0,0,-0.002,-0.005,-0.009,-0.014,-0.02,-0.026,-0.033,-0.041,-0.049,-0.058,-0.067,-0.076,-0.086,-0.095,-0.104,-0.114,-0.123,-0.132,-0.141,-0.149,-0.157,-0.164,-0.17,-0.176,-0.181,-0.185,-0.188,-0.189,-0.19,-0.19,-0.19,-0.189,-0.188,-0.186,-0.184,-0.182,-0.18,-0.177,-0.173,-0.169,-0.165,-0.161,-0.155,-0.15,-0.144,-0.137,-0.13,-0.122,-0.114,-0.106,-0.096,-0.086,-0.076,-0.065,-0.053,-0.041,-0.028,-0.014,0,0.014,0.029,0.043,0.057,0.07,0.083,0.096,0.109,0.121,0.132,0.144,0.155,0.165,0.175,0.185,0.194,0.203,0.211,0.218,0.225,0.232,0.237,0.242,0.247,0.251,0.254,0.257,0.259,0.26,0.26,0.259,0.257,0.253,0.247,0.241,0.233,0.224,0.214,0.204,0.193,0.181,0.169,0.156,0.143,0.13,0.117,0.104,0.091,0.079,0.067,0.056,0.046,0.036,0.027,0.019,0.013,0.007,0.003,0.001,0,0,0,0,0,0,0,0,0,0,0,0,0,0,0,0,0,0,0,0,0,0,0,0,0,0,0,0,0,0,0,0,0,0,0,0,0,0,0,0,0,0,0,0,0,0
PARAM_MOUTH_OPEN_Y=0,0,0.002,0.004,0.007,0.011,0.016,0.022,0.028,0.034,0.042,0.05,0.058,0.067,0.076,0.086,0.095,0.106,0.116,0.127,0.138,0.149,0.159,0.171,0.181,0.192,0.203,0.214,0.224,0.235,0.244,0.254,0.263,0.272,0.28,0.288,0.296,0.302,0.308,0.314,0.319,0.323,0.326,0.328,0.33,0.33,0.329,0.325,0.319,0.31,0.3,0.288,0.275,0.26,0.245,0.228,0.21,0.192,0.174,0.156,0.138,0.12,0.102,0.085,0.07,0.055,0.042,0.03,0.02,0.011,0.005,0.001,0,0.001,0.005,0.012,0.02,0.031,0.043,0.057,0.071,0.088,0.104,0.122,0.14,0.159,0.177,0.195,0.213,0.231,0.247,0.263,0.278,0.291,0.303,0.314,0.323,0.33,0.336,0.339,0.34,0.328,0.3,0.25,0.2,0.15,0.1,0.06,0.03,0.007,0,0,0,0,0,0,0,0,0,0,0,0,0,0,0,0,0,0,0,0,0,0,0,0,0,0,0,0,0,0,0,0,0,0,0,0,0,0,0,0,0,0,0,0,0,0,0,0,0,0,0,0,0,0,0,0
PARAM_Mouth=0
PARAM_Mouth Angle=0
PARAM_CHEEK=1
PARAM_BODY_ANGLE_X=0
PARAM_BODY_ANGLE_Z=0
PARAM_BREATH=0,0,0,0.001,0,0.003,0.004,0.005,0.007,0.009,0.011,0.013,0.015,0.018,0.02,0.023,0.026,0.029,0.032,0.035,0.039,0.042,0.046,0.049,0.053,0.057,0.061,0.065,0.069,0.073,0.077,0.082,0.086,0.09,0.095,0.099,0.103,0.108,0.112,0.117,0.121,0.125,0.13,0.134,0.138,0.143,0.147,0.151,0.155,0.159,0.163,0.167,0.171,0.174,0.178,0.181,0.185,0.188,0.191,0.194,0.197,0.2,0.202,0.205,0.207,0.209,0.211,0.213,0.215,0.216,0.217,0.218,0.22,0.22,0.22,0.22,0.22,0.22,0.22,0.219,0.22,0.217,0.216,0.215,0.214,0.212,0.211,0.209,0.208,0.206,0.204,0.202,0.199,0.197,0.195,0.192,0.19,0.187,0.184,0.181,0.178,0.176,0.172,0.169,0.166,0.163,0.16,0.156,0.153,0.15,0.146,0.143,0.139,0.135,0.132,0.128,0.125,0.121,0.117,0.114,0.11,0.106,0.103,0.099,0.095,0.092,0.088,0.085,0.081,0.077,0.074,0.07,0.067,0.064,0.06,0.057,0.054,0.051,0.048,0.044,0.042,0.039,0.036,0.033,0.03,0.028,0.025,0.023,0.021,0.018,0.016,0.014,0.012,0.011,0.009,0.008,0.006,0.005,0.004,0.003,0.002,0,0.001,0,0,0
PARAM_Bust Angle X=0
PARAM_Bust Angle Y=0
PARAM_Arm LT Angle=0.07,0.07,0.071,0.072,0.074,0.076,0.079,0.082,0.085,0.089,0.094,0.098,0.103,0.109,0.115,0.121,0.127,0.134,0.141,0.148,0.155,0.163,0.171,0.179,0.187,0.196,0.205,0.214,0.223,0.232,0.241,0.251,0.26,0.27,0.279,0.289,0.299,0.309,0.319,0.329,0.339,0.349,0.358,0.368,0.378,0.388,0.398,0.407,0.417,0.426,0.435,0.444,0.453,0.462,0.471,0.479,0.488,0.496,0.504,0.511,0.519,0.526,0.533,0.54,0.546,0.552,0.558,0.563,0.569,0.573,0.578,0.582,0.585,0.589,0.592,0.594,0.596,0.598,0.599,0.6,0.6,0.6,0.6,0.598,0.597,0.595,0.592,0.59,0.587,0.583,0.579,0.575,0.571,0.566,0.561,0.555,0.55,0.544,0.538,0.531,0.524,0.517,0.51,0.503,0.495,0.487,0.479,0.471,0.463,0.454,0.446,0.437,0.428,0.419,0.41,0.401,0.392,0.383,0.374,0.364,0.355,0.345,0.336,0.327,0.317,0.308,0.299,0.29,0.28,0.271,0.262,0.253,0.244,0.236,0.227,0.218,0.21,0.202,0.194,0.186,0.178,0.17,0.163,0.156,0.149,0.142,0.136,0.129,0.123,0.118,0.112,0.107,0.102,0.098,0.093,0.09,0.086,0.083,0.08,0.077,0.075,0.073,0.072,0.071,0.07,0.07
PARAM_Arm RT Angle=0.07,0.07,0.071,0.072,0.074,0.076,0.079,0.082,0.085,0.089,0.094,0.098,0.103,0.109,0.115,0.121,0.127,0.134,0.141,0.148,0.155,0.163,0.171,0.179,0.187,0.196,0.205,0.214,0.223,0.232,0.241,0.251,0.26,0.27,0.279,0.289,0.299,0.309,0.319,0.329,0.339,0.349,0.358,0.368,0.378,0.388,0.398,0.407,0.417,0.426,0.435,0.444,0.453,0.462,0.471,0.479,0.488,0.496,0.504,0.511,0.519,0.526,0.533,0.54,0.546,0.552,0.558,0.563,0.569,0.573,0.578,0.582,0.585,0.589,0.592,0.594,0.596,0.598,0.599,0.6,0.6,0.6,0.6,0.598,0.597,0.595,0.592,0.59,0.587,0.583,0.579,0.575,0.571,0.566,0.561,0.555,0.55,0.544,0.538,0.531,0.524,0.517,0.51,0.503,0.495,0.487,0.479,0.471,0.463,0.454,0.446,0.437,0.428,0.419,0.41,0.401,0.392,0.383,0.374,0.364,0.355,0.345,0.336,0.327,0.317,0.308,0.299,0.29,0.28,0.271,0.262,0.253,0.244,0.236,0.227,0.218,0.21,0.202,0.194,0.186,0.178,0.17,0.163,0.156,0.149,0.142,0.136,0.129,0.123,0.118,0.112,0.107,0.102,0.098,0.093,0.09,0.086,0.083,0.08,0.077,0.075,0.073,0.072,0.071,0.07,0.07
PARAM_Arm LB Agle=0
PARAM_Arm RB Agle=0
PARAM_Arm L hand=0,0,0.001,0.003,0.005,0.008,0.011,0.015,0.02,0.025,0.03,0.036,0.042,0.049,0.056,0.064,0.072,0.08,0.089,0.098,0.108,0.118,0.128,0.138,0.148,0.159,0.17,0.182,0.193,0.205,0.217,0.228,0.24,0.253,0.265,0.277,0.29,0.302,0.315,0.327,0.34,0.352,0.365,0.377,0.389,0.402,0.414,0.426,0.438,0.45,0.462,0.473,0.485,0.496,0.507,0.518,0.528,0.538,0.548,0.558,0.568,0.577,0.585,0.594,0.602,0.61,0.617,0.624,0.63,0.636,0.642,0.647,0.652,0.656,0.66,0.663,0.665,0.667,0.669,0.67,0.67,0.67,0.669,0.668,0.666,0.663,0.66,0.657,0.653,0.649,0.644,0.639,0.633,0.627,0.62,0.614,0.606,0.599,0.591,0.583,0.574,0.565,0.556,0.547,0.537,0.528,0.518,0.507,0.497,0.486,0.475,0.464,0.453,0.442,0.43,0.419,0.407,0.396,0.384,0.372,0.36,0.348,0.336,0.325,0.313,0.301,0.289,0.278,0.266,0.254,0.243,0.232,0.22,0.209,0.198,0.188,0.177,0.166,0.156,0.146,0.136,0.127,0.117,0.108,0.1,0.091,0.083,0.075,0.067,0.06,0.053,0.047,0.041,0.035,0.03,0.025,0.02,0.016,0.012,0.009,0.006,0.004,0.002,0.001,0,0
PARAM_Arm R hand=0,0,0.001,0.003,0.005,0.008,0.011,0.015,0.02,0.025,0.03,0.036,0.042,0.049,0.056,0.064,0.072,0.08,0.089,0.098,0.108,0.118,0.128,0.138,0.148,0.159,0.17,0.182,0.193,0.205,0.217,0.228,0.24,0.253,0.265,0.277,0.29,0.302,0.315,0.327,0.34,0.352,0.365,0.377,0.389,0.402,0.414,0.426,0.438,0.45,0.462,0.473,0.485,0.496,0.507,0.518,0.528,0.538,0.548,0.558,0.568,0.577,0.585,0.594,0.602,0.61,0.617,0.624,0.63,0.636,0.642,0.647,0.652,0.656,0.66,0.663,0.665,0.667,0.669,0.67,0.67,0.67,0.669,0.668,0.666,0.663,0.66,0.657,0.653,0.649,0.644,0.639,0.633,0.627,0.62,0.614,0.606,0.599,0.591,0.583,0.574,0.565,0.556,0.547,0.537,0.528,0.518,0.507,0.497,0.486,0.475,0.464,0.453,0.442,0.43,0.419,0.407,0.396,0.384,0.372,0.36,0.348,0.336,0.325,0.313,0.301,0.289,0.278,0.266,0.254,0.243,0.232,0.22,0.209,0.198,0.188,0.177,0.166,0.156,0.146,0.136,0.127,0.117,0.108,0.1,0.091,0.083,0.075,0.067,0.06,0.053,0.047,0.041,0.035,0.03,0.025,0.02,0.016,0.012,0.009,0.006,0.004,0.002,0.001,0,0
PARAM_Hair Twist L=0.4,0.4,0.4,0.4,0.4,0.4,0.4,0.4,0.4,0.4,0.4,0.4,0.4,0.4,0.4,0.4,0.4,0.4,0.4,0.4,0.4,0.4,0.4,0.4,0.4,0.4,0.4,0.4,0.4,0.4,0.4,0.4,0.4,0.4,0.4,0.4,0.4,0.4,0.4,0.4,0.4,0.4,0.4,0.4,0.4,0.4,0.4,0.4,0.4,0.4,0.4,0.4,0.4,0.4,0.4,0.4,0.4,0.4,0.4,0.4,0.4,0.4,0.4,0.4,0.4,0.4,0.4,0.4,0.4,0.4,0.4,0.4,0.4,0.4,0.4,0.4,0.4,0.4,0.4,0.4,0.4,0.4,0.4,0.4,0.4,0.4,0.4,0.4,0.4,0.4,0.4,0.4,0.4,0.4,0.4,0.4,0.4,0.4,0.4,0.4,0.4,0.4,0.4,0.4,0.4,0.4,0.4,0.4,0.4,0.4,0.4,0.4,0.4,0.4,0.4,0.4,0.4,0.4,0.4,0.4,0.4,0.4,0.4,0.4,0.4,0.4,0.4,0.4,0.4,0.4,0.4,0.4,0.4,0.4,0.4,0.4,0.4,0.4,0.4,0.4,0.4,0.4,0.4,0.4,0.4,0.4,0.4,0.4,0.4,0.4,0.4,0.4,0.4,0.4,0.4,0.4,0.4,0.4,0.4,0.4,0.4,0.4,0.4,0.4,0.4,0.4
PARAM_Hair Twist R=-0.6,-0.6,-0.6,-0.6,-0.6,-0.6,-0.6,-0.6,-0.6,-0.6,-0.6,-0.6,-0.6,-0.6,-0.6,-0.6,-0.6,-0.6,-0.6,-0.6,-0.6,-0.6,-0.6,-0.6,-0.6,-0.6,-0.6,-0.6,-0.6,-0.6,-0.6,-0.6,-0.6,-0.6,-0.6,-0.6,-0.6,-0.6,-0.6,-0.6,-0.6,-0.6,-0.6,-0.6,-0.6,-0.6,-0.6,-0.6,-0.6,-0.6,-0.6,-0.6,-0.6,-0.6,-0.6,-0.6,-0.6,-0.6,-0.6,-0.6,-0.6,-0.6,-0.6,-0.6,-0.6,-0.6,-0.6,-0.6,-0.6,-0.6,-0.6,-0.6,-0.6,-0.6,-0.6,-0.6,-0.6,-0.6,-0.6,-0.6,-0.6,-0.6,-0.6,-0.6,-0.6,-0.6,-0.6,-0.6,-0.6,-0.6,-0.6,-0.6,-0.6,-0.6,-0.6,-0.6,-0.6,-0.6,-0.6,-0.6,-0.6,-0.6,-0.6,-0.6,-0.6,-0.6,-0.6,-0.6,-0.6,-0.6,-0.6,-0.6,-0.6,-0.6,-0.6,-0.6,-0.6,-0.6,-0.6,-0.6,-0.6,-0.6,-0.6,-0.6,-0.6,-0.6,-0.6,-0.6,-0.6,-0.6,-0.6,-0.6,-0.6,-0.6,-0.6,-0.6,-0.6,-0.6,-0.6,-0.6,-0.6,-0.6,-0.6,-0.6,-0.6,-0.6,-0.6,-0.6,-0.6,-0.6,-0.6,-0.6,-0.6,-0.6,-0.6,-0.6,-0.6,-0.6,-0.6,-0.6,-0.6,-0.6,-0.6,-0.6,-0.6,-0.6
PARAM_Hairfront_vive=0
PARAM_Hand L1=0
PARAM_Hand L2=0
PARAM_Hand L3=0
PARAM_HL4=1
PARAM_HL5=0
PARAM_HL6=0
PARAM_HL7=0
PARAM_Hand_L8=0
PARAM_Hand R1=0
PARAM_Hand R2=0
PARAM_Hand R3=0
PARAM_HR4=1
PARAM_HR5=0
PARAM_HR6=0
PARAM_HR7=0
PARAM_Hand_R8=0
PARAM_suprise=0
PARAM_mouth=1
PARAM_FXmouth=0
PARAM_shoutao=1
PARAM_shoutao2=0
PARAM_shoutao3=0
PARAM_moveX=0
PARAM_moveY=0
PARAM_bodyS=0
PARAM_ruyao=0
PARAM_shangxia=0
PARAM_Vzuoshou=0
PARAM_Vyoushou=0
PARAM_xingxing=0
PARAM_xingxingLScale=0
PARAM_xingxingRScale=0
PARAM_zuibaFX=0