# Live2D Animator Motion Data
$fps=30

$fadein=1000

$fadeout=1000

PARAM_ANGLE_X=0,-0.004,-0.014,-0.03,-0.05,-0.08,-0.11,-0.15,-0.19,-0.23,-0.28,-0.32,-0.37,-0.42,-0.48,-0.53,-0.58,-0.63,-0.68,-0.73,-0.77,-0.81,-0.85,-0.89,-0.92,-0.95,-0.966,-0.981,-0.991,-0.995,-0.997,-1,-1,-0.998,-1,-2.46,-4.84,-6.47,-7,-6.54,-5.55,-4.31,-3.03,-1.86,-0.89,-0.24,0,0,0,0,0,0,0,0,0,0,0,0,0,0,0,0,0,0,0
PARAM_ANGLE_Y=0,0.02,0.09,0.21,0.36,0.54,0.75,1,1.26,1.55,1.85,2.17,2.49,2.82,3.16,3.49,3.81,4.13,4.43,4.72,4.98,5.23,5.44,5.62,5.77,5.89,5.96,5.98,5.88,5.49,4.69,3.43,1.71,-0.46,-3,-11.61,-21.63,-27.99,-30,-28.03,-23.78,-18.49,-12.98,-7.96,-3.8,-1.03,0,0,0,0,0,0,0,0,0,0,0,0,0,0,0,0,0,0,0
PARAM_ANGLE_Z=0,0,0,0,0,0,0,0,0,0,0,0,0,0,0,0,0,0,0,0,0,0,0,0,0,0,0,0,-0.29,-1.01,-2,-3.15,-4.34,-5.52,-6.64,-7.57,-8.33,-8.82,-9,-8.41,-7.14,-5.55,-3.9,-2.39,-1.14,-0.31,0,0,0,0,0,0,0,0,0,0,0,0,0,0,0,0,0,0,0
PARAM_BROW_L_Y=0
PARAM_BROW_R_Y=0
PARAM_BROW_L_X=0
PARAM_BROW_R_X=0
PARAM_eyebrow Change=0
PARAM_eyebrow2 Rotate=0
PARAM_EYE_L_OPEN=1,1,1,0.999,0.998,0.996,0.994,0.991,0.988,0.984,0.979,0.973,0.966,0.958,0.95,0.94,0.929,0.916,0.903,0.888,0.871,0.853,0.834,0.81,0.79,0.77,0.74,0.71,0.67,0.61,0.55,0.49,0.42,0.35,0.28,0.21,0.16,0.1,0.06,0.03,0.01,0,0.18,0.46,0.73,0.92,1,1,1,1,1,1,1,1,1,1,1,1,1,1,1,1,1,1,1
PARAM_EYE_R_OPEN=1,1,1,0.999,0.998,0.996,0.994,0.991,0.988,0.984,0.979,0.973,0.966,0.958,0.95,0.94,0.929,0.916,0.903,0.888,0.871,0.853,0.834,0.81,0.79,0.77,0.74,0.71,0.67,0.61,0.55,0.49,0.42,0.35,0.28,0.21,0.16,0.1,0.06,0.03,0.01,0,0.18,0.46,0.73,0.92,1,1,1,1,1,1,1,1,1,1,1,1,1,1,1,1,1,1,1
PARAM_Smile eye=0
PARAM_Angry eye=0,0,0,0,0,0.001,0,0.002,0,0.004,0.004,0,0.006,0.006,0.007,0.01,0.009,0.009,0.01,0.01,0.011,0.01,0.012,0.01,0.013,0.01,0.01,0.01,0.01,0.01,0.013,0.012,0.011,0.01,0.009,0.008,0.007,0.006,0.005,0.004,0.003,0,0.001,0.001,0,0,0,0,0,0,0,0,0,0,0,0,0,0,0,0,0,0,0,0,0
PARAM_EYE_BALL_X=0,0,-0.003,-0.007,-0.012,-0.017,-0.022,-0.027,-0.032,-0.037,-0.041,-0.045,-0.048,-0.049,-0.05,-0.05,-0.049,-0.048,-0.046,-0.044,-0.042,-0.04,-0.037,-0.035,-0.032,-0.029,-0.027,-0.024,-0.021,-0.018,-0.016,-0.013,-0.011,-0.01,-0.008,-0.006,-0.005,-0.004,-0.003,-0.002,-0.002,0,-0.001,0,0,0,0,0,0,0,0,0,0,0,0,0,0,0,0,0,0,0,0,0,0
PARAM_EYE_BALL_Y=0,0.006,0.023,0.05,0.08,0.11,0.14,0.18,0.21,0.24,0.27,0.3,0.314,0.326,0.33,0.328,0.323,0.315,0.305,0.292,0.278,0.262,0.245,0.228,0.21,0.192,0.175,0.158,0.138,0.12,0.103,0.088,0.074,0.062,0.051,0.042,0.033,0.026,0.02,0.015,0.01,0.007,0.004,0.002,0.001,0,0,0,0,0,0,0,0,0,0,0,0,0,0,0,0,0,0,0,0
PARAM_MOUTH_FORM=0
PARAM_MOUTH_OPEN_Y=0
PARAM_Mouth=0
PARAM_Mouth Angle=0
PARAM_CHEEK=1
PARAM_BODY_ANGLE_X=0
PARAM_BODY_ANGLE_Z=0
PARAM_BREATH=0,0,0,0,0.001,0,0.002,0.003,0,0.005,0.006,0.007,0.008,0.009,0.01,0.011,0.012,0.013,0.014,0.014,0.015,0.016,0.02,0.017,0.02,0.018,0.02,0.02,0.02,0.017,0.016,0.014,0.012,0.01,0.008,0.007,0.005,0.003,0.002,0.001,0,0,0.05,0.14,0.22,0.28,0.3,0.297,0.29,0.278,0.262,0.244,0.22,0.2,0.17,0.15,0.13,0.1,0.08,0.06,0.038,0.022,0.01,0.003,0
PARAM_Bust Angle X=0
PARAM_Bust Angle Y=0
PARAM_Arm LT Angle=0,0,0,0.002,0.003,0.005,0.007,0.009,0.011,0.014,0.017,0.02,0.023,0.026,0.029,0.032,0.034,0.037,0.04,0.043,0.045,0.047,0.049,0.051,0.052,0.053,0.05,0.054,0.054,0.052,0.05,0.047,0.044,0.04,0.036,0.032,0.028,0.023,0.019,0.015,0.011,0.008,0.005,0.003,0.001,0,0,0,0,0,0,0,0,0,0,0,0,0,0,0,0,0,0,0,0
PARAM_Arm RT Angle=0,0,0.002,0.005,0.009,0.013,0.018,0.024,0.03,0.037,0.045,0.052,0.06,0.068,0.076,0.084,0.092,0.099,0.107,0.114,0.12,0.126,0.131,0.136,0.139,0.142,0.144,0.144,0.143,0.139,0.134,0.126,0.117,0.107,0.096,0.085,0.074,0.062,0.051,0.04,0.031,0.022,0.014,0.008,0.004,0.001,0,0,0,0,0,0,0,0,0,0,0,0,0,0,0,0,0,0,0
PARAM_Arm LB Agle=0
PARAM_Arm RB Agle=0
PARAM_Arm L hand=0,0,0,0,0,0.001,0,0.002,0.003,0,0.004,0.005,0.006,0.01,0.008,0.008,0.009,0.01,0.011,0.011,0.012,0.01,0.013,0.01,0.01,0.014,0.01,0.01,0.01,0.014,0.01,0.013,0.012,0.011,0.01,0.009,0.007,0.006,0.005,0.004,0.003,0.002,0.001,0.001,0,0,0,0,0,0,0,0,0,0,0,0,0,0,0,0,0,0,0,0,0
PARAM_Arm R hand=0,0,0,0,0,0.001,0,0.002,0.003,0,0.004,0.005,0.006,0.01,0.008,0.008,0.009,0.01,0.011,0.011,0.012,0.01,0.013,0.01,0.01,0.014,0.01,0.01,0.01,0.014,0.01,0.013,0.012,0.011,0.01,0.009,0.007,0.006,0.005,0.004,0.003,0.002,0.001,0.001,0,0,0,0,0,0,0,0,0,0,0,0,0,0,0,0,0,0,0,0,0
PARAM_Hair Twist L=0
PARAM_Hair Twist R=0
PARAM_Hairfront_vive=0
PARAM_Hand L1=0
PARAM_Hand L2=0
PARAM_Hand L3=1
PARAM_HL4=0
PARAM_HL5=0
PARAM_HL6=0
PARAM_HL7=0
PARAM_Hand_L8=0
PARAM_Hand_L9=0
PARAM_Hand R1=0
PARAM_Hand R2=0
PARAM_Hand R3=1
PARAM_HR4=0
PARAM_HR5=0
PARAM_HR6=0
PARAM_HR7=0
PARAM_Hand_R8=0
PARAM_Hand_R9=0
PARAM_moveX=0
PARAM_moveY=0
PARAM_bodyS=0
PARAM_shangxia=0
PARAM_eyeFX=0
PARAM_deng_moveX=0
PARAM_deng_moveY=0
PARAM_deng_qiehuan=0
PARAM_dengguang=0
PARAM_arm_LFX=0
PARAM_dengxianshi=1