# Live2D Animator Motion Data
$fps=30

$fadein=1000

$fadeout=1000

PARAM_ANGLE_X=0,0,0,0,0,0,0,0,0,-0.27,-1.01,-2.19,-3.68,-5.46,-7.4,-9.46,-11.54,-13.6,-15.54,-17.32,-18.81,-19.99,-20.73,-21,-20.96,-20.86,-20.69,-20.47,-20.22,-19.94,-19.65,-19.35,-19.06,-18.78,-18.53,-18.31,-18.14,-18.04,-18,-18.54,-19.39,-20.2,-20.77,-21,-21,-21,-21,-21,-21,-20.95,-20.78,-20.44,-19.89,-19.1,-18,-16.76,-15.56,-14.4,-13.28,-12.2,-11.18,-10.18,-9.22,-8.32,-7.45,-6.63,-5.85,-5.12,-4.43,-3.79,-3.19,-2.65,-2.15,-1.71,-1.32,-0.97,-0.68,-0.44,-0.25,-0.11,-0.03,0,0,0,0,0,0,0,0,0,0
PARAM_ANGLE_Y=0,0,0,0,0,0,0,0,0,-0.2,-0.77,-1.67,-2.81,-4.16,-5.64,-7.2,-8.8,-10.36,-11.84,-13.19,-14.33,-15.23,-15.8,-16,-15.987,-15.95,-15.9,-15.82,-15.74,-15.65,-15.55,-15.45,-15.35,-15.26,-15.18,-15.1,-15.05,-15.01,-15,-15.18,-15.46,-15.73,-15.92,-16,-16,-16,-16,-16,-16,-16.03,-16.08,-16.069,-15.93,-15.6,-15,-14.24,-13.46,-12.68,-11.9,-11.12,-10.36,-9.59,-8.82,-8.08,-7.35,-6.63,-5.94,-5.27,-4.62,-4.01,-3.42,-2.88,-2.37,-1.91,-1.48,-1.11,-0.78,-0.51,-0.29,-0.13,-0.03,0,0,0,0,0,0,0,0,0,0
PARAM_ANGLE_Z=0,0,0,0,0,0,0,0,0,-0.15,-0.58,-1.25,-2.1,-3.12,-4.23,-5.4,-6.6,-7.77,-8.88,-9.9,-10.75,-11.42,-11.85,-12,-10.93,-9.21,-7.61,-6.45,-6,-6,-6,-6,-6,-6,-6,-6,-6,-6,-6,-6,-6,-6,-6,-6,-6,-6,-6,-6,-6,-6.05,-6.19,-6.44,-6.82,-7.33,-8,-8.79,-9.5,-10.12,-10.65,-11.09,-11.43,-11.69,-11.87,-11.97,-12,-11.85,-11.45,-10.83,-10.06,-9.17,-8.2,-7.17,-6.14,-5.09,-4.1,-3.15,-2.29,-1.52,-0.89,-0.41,-0.11,0,0,0,0,0,0,0,0,0,0
PARAM_BROW_L_Y=0
PARAM_BROW_R_Y=0
PARAM_BROW_L_X=0
PARAM_BROW_R_X=0
PARAM_eyebrow Change=0
PARAM_eyebrow2 Rotate=0
PARAM_EYE_L_OPEN=1,1,1,1,1,1,1,1,1,0.997,0.99,0.979,0.965,0.948,0.929,0.91,0.89,0.871,0.852,0.835,0.821,0.81,0.803,0.8,0.8,0.8,0.8,0.8,0.8,0.22,0,0.21,0.59,0.8,0.22,0,0.21,0.59,0.8,0.8,0.8,0.8,0.8,0.8,0.8,0.8,0.8,0.22,0,0.21,0.58,0.8,0.814,0.828,0.841,0.854,0.866,0.877,0.888,0.898,0.908,0.917,0.925,0.934,0.941,0.948,0.955,0.961,0.967,0.972,0.976,0.981,0.984,0.988,0.991,0.993,0.995,0.997,0.998,0.999,1,1,1,1,1,1,1,1,1,1,1
PARAM_EYE_R_OPEN=1,1,1,1,1,1,1,1,1,0.997,0.99,0.979,0.965,0.948,0.929,0.91,0.89,0.871,0.852,0.835,0.821,0.81,0.803,0.8,0.8,0.8,0.8,0.8,0.8,0.22,0,0.21,0.59,0.8,0.22,0,0.21,0.59,0.8,0.8,0.8,0.8,0.8,0.8,0.8,0.8,0.8,0.22,0,0.21,0.58,0.8,0.814,0.828,0.841,0.854,0.866,0.877,0.888,0.898,0.908,0.917,0.925,0.934,0.941,0.948,0.955,0.961,0.967,0.972,0.976,0.981,0.984,0.988,0.991,0.993,0.995,0.997,0.998,0.999,1,1,1,1,1,1,1,1,1,1,1
PARAM_Smile eye=0
PARAM_Angry eye=0
PARAM_EYE_BALL_X=0,0,0,0,0,0,0,0,0,0.002,0.006,0.013,0.023,0.036,0.05,0.066,0.084,0.104,0.12,0.15,0.17,0.19,0.22,0.24,0.26,0.29,0.31,0.33,0.36,0.38,0.396,0.414,0.43,0.444,0.457,0.467,0.474,0.478,0.48,0.39,0.26,0.13,0.04,0,0.004,0.015,0.034,0.06,0.09,0.12,0.16,0.21,0.25,0.3,0.35,0.4,0.45,0.51,0.56,0.59,0.61,0.625,0.634,0.639,0.64,0.632,0.61,0.58,0.54,0.49,0.44,0.38,0.33,0.27,0.22,0.17,0.12,0.08,0.05,0.02,0.006,0,0,0,0,0,0,0,0,0,0
PARAM_EYE_BALL_Y=0,0,0,0,0,0,0,0,0,0.001,0.005,0.011,0.018,0.028,0.04,0.052,0.067,0.082,0.098,0.116,0.134,0.152,0.171,0.19,0.209,0.228,0.246,0.264,0.282,0.298,0.313,0.328,0.34,0.352,0.362,0.369,0.375,0.379,0.38,0.31,0.2,0.1,0.03,0,0.008,0.03,0.06,0.1,0.15,0.19,0.24,0.28,0.32,0.36,0.38,0.395,0.4,0.395,0.384,0.368,0.349,0.33,0.3,0.28,0.25,0.22,0.19,0.16,0.13,0.11,0.092,0.075,0.06,0.046,0.035,0.025,0.017,0.011,0.006,0.003,0.001,0,0,0,0,0,0,0,0,0,0
PARAM_MOUTH_FORM=0,0.07,0.21,0.38,0.57,0.73,0.87,0.97,1,0.999,0.998,0.995,0.991,0.986,0.98,0.974,0.966,0.957,0.947,0.937,0.926,0.914,0.901,0.888,0.874,0.859,0.844,0.828,0.812,0.795,0.777,0.76,0.741,0.723,0.704,0.685,0.665,0.645,0.625,0.605,0.58,0.564,0.54,0.523,0.5,0.482,0.46,0.44,0.42,0.4,0.38,0.36,0.341,0.321,0.302,0.283,0.265,0.247,0.229,0.211,0.195,0.178,0.163,0.148,0.133,0.119,0.105,0.093,0.081,0.069,0.059,0.049,0.04,0.032,0.025,0.018,0.013,0.008,0.005,0.002,0.001,0,0,0,0,0,0,0,0,0,0
PARAM_MOUTH_OPEN_Y=0,0.05,0.16,0.3,0.45,0.58,0.69,0.76,0.79,0.79,0.788,0.786,0.783,0.779,0.774,0.769,0.763,0.756,0.749,0.74,0.732,0.722,0.712,0.701,0.69,0.679,0.667,0.654,0.641,0.628,0.614,0.6,0.586,0.571,0.556,0.541,0.525,0.51,0.494,0.478,0.462,0.446,0.43,0.413,0.397,0.381,0.364,0.348,0.332,0.316,0.3,0.285,0.269,0.254,0.239,0.224,0.209,0.195,0.181,0.167,0.154,0.141,0.129,0.117,0.105,0.094,0.083,0.073,0.064,0.055,0.046,0.039,0.032,0.025,0.02,0.014,0.01,0.007,0.004,0.002,0,0,0,0,0,0,0,0,0,0,0
PARAM_Mouth=0
PARAM_Mouth Angle=0
PARAM_CHEEK=1
PARAM_BODY_ANGLE_X=0,0,0,0,0,0,0,0,0,-0.08,-0.29,-0.63,-1.05,-1.56,-2.12,-2.7,-3.3,-3.88,-4.44,-4.95,-5.37,-5.71,-5.92,-6,-5.97,-5.9,-5.78,-5.62,-5.43,-5.2,-4.96,-4.7,-4.42,-4.14,-3.86,-3.58,-3.3,-3.04,-2.8,-2.57,-2.38,-2.22,-2.1,-2.03,-2,-2.03,-2.13,-2.28,-2.47,-2.7,-2.96,-3.23,-3.52,-3.81,-4.11,-4.4,-4.68,-4.95,-5.2,-5.43,-5.62,-5.78,-5.9,-5.97,-6,-5.92,-5.72,-5.41,-5.03,-4.59,-4.1,-3.59,-3.07,-2.54,-2.05,-1.58,-1.14,-0.76,-0.45,-0.21,-0.05,0,0,0,0,0,0,0,0,0,0
PARAM_BODY_ANGLE_Z=0
PARAM_BREATH=0,0.03,0.1,0.18,0.27,0.35,0.41,0.45,0.47,0.464,0.447,0.42,0.39,0.35,0.3,0.26,0.21,0.17,0.12,0.08,0.05,0.02,0.006,0,0,0,0,0,0,0,0,0,0,0,0,0,0,0,0,0,0,0,0,0,0,0,0,0,0,0,0,0,0,0,0,0,0,0,0,0,0,0,0,0,0,0,0,0,0,0,0,0,0,0,0,0,0,0,0,0,0,0,0,0,0,0,0,0,0,0,0
PARAM_Bust Angle X=0
PARAM_Bust Angle Y=0
PARAM_Arm LT Angle=0,0.09,0.29,0.54,0.79,1.03,1.22,1.35,1.4,1.382,1.33,1.25,1.15,1.04,0.91,0.77,0.63,0.49,0.36,0.25,0.15,0.07,0.02,0,0,0,0,0,0,0,0,0,0,0,0,0,0,0,0,0,0,0,0,0,0,0,0,0,0,0,0,0,0,0,0,0,0,0,0,0,0,0,0,0,0,0,0,0,0,0,0,0,0,0,0,0,0,0,0,0,0,0,0,0,0,0,0,0,0,0,0
PARAM_Arm RT Angle=0,0.23,0.73,1.34,1.99,2.57,3.06,3.38,3.5,3.46,3.33,3.14,2.89,2.59,2.27,1.92,1.58,1.23,0.91,0.61,0.36,0.17,0.04,0,0,0,0,0,0,0,0,0,0,0,0,0,0,0,0,0,0,0,0,0,0,0,0,0,0,0,0,0,0,0,0,0,0,0,0,0,0,0,0,0,0,0,0,0,0,0,0,0,0,0,0,0,0,0,0,0,0,0,0,0,0,0,0,0,0,0,0
PARAM_Arm LB Agle=0,0,0,0,0,0,0,0,0,0.002,0.009,0.02,0.033,0.049,0.067,0.086,0.104,0.123,0.141,0.157,0.17,0.181,0.188,0.19,0.19,0.19,0.19,0.19,0.19,0.19,0.19,0.19,0.19,0.19,0.19,0.19,0.19,0.19,0.19,0.19,0.19,0.19,0.19,0.19,0.19,0.19,0.19,0.19,0.19,0.19,0.19,0.19,0.19,0.19,0.19,0.19,0.19,0.19,0.19,0.19,0.19,0.19,0.19,0.19,0.19,0.188,0.181,0.171,0.159,0.145,0.13,0.114,0.097,0.081,0.065,0.05,0.036,0.024,0.014,0.007,0.002,0,0,0,0,0,0,0,0,0,0
PARAM_Arm RB Agle=0,0,0,0,0,0,0,0,0,0.003,0.013,0.027,0.046,0.07,0.09,0.12,0.14,0.17,0.19,0.21,0.233,0.247,0.257,0.26,0.26,0.26,0.26,0.26,0.26,0.26,0.26,0.26,0.26,0.26,0.26,0.26,0.26,0.26,0.26,0.26,0.26,0.26,0.26,0.26,0.26,0.26,0.26,0.26,0.26,0.26,0.26,0.26,0.26,0.26,0.26,0.26,0.26,0.26,0.26,0.26,0.26,0.26,0.26,0.26,0.26,0.257,0.248,0.235,0.218,0.199,0.18,0.16,0.13,0.11,0.09,0.068,0.05,0.033,0.019,0.009,0.002,0,0,0,0,0,0,0,0,0,0
PARAM_Arm L hand=0,0.015,0.05,0.09,0.13,0.17,0.2,0.22,0.23,0.227,0.219,0.206,0.19,0.17,0.15,0.13,0.1,0.08,0.06,0.04,0.024,0.011,0.003,0,0,0,0,0,0,0,0,0,0,0,0,0,0,0,0,0,0,0,0,0,0,0,0,0,0,0,0,0,0,0,0,0,0,0,0,0,0,0,0,0,0,0,0,0,0,0,0,0,0,0,0,0,0,0,0,0,0,0,0,0,0,0,0,0,0,0,0
PARAM_Arm R hand=0,0.014,0.05,0.08,0.12,0.16,0.19,0.212,0.22,0.217,0.209,0.197,0.181,0.163,0.142,0.12,0.1,0.08,0.057,0.039,0.023,0.011,0.003,0,0,0,0,0,0,0,0,0,0,0,0,0,0,0,0,0,0,0,0,0,0,0,0,0,0,0,0,0,0,0,0,0,0,0,0,0,0,0,0,0,0,0,0,0,0,0,0,0,0,0,0,0,0,0,0,0,0,0,0,0,0,0,0,0,0,0,0
PARAM_Hair Twist L=0,0,0,0,0,0,0,0,0,-0.013,-0.05,-0.1,-0.18,-0.26,-0.35,-0.45,-0.55,-0.65,-0.74,-0.82,-0.9,-0.95,-0.99,-1,-1,-1,-1,-1,-1,-1,-1,-1,-1,-1,-1,-1,-1,-1,-1,-1,-1,-1,-1,-1,-1,-1,-1,-1,-1,-1,-1,-1,-1,-1,-1,-1,-1,-1,-1,-1,-1,-1,-1,-1,-1,-0.987,-0.95,-0.9,-0.84,-0.76,-0.68,-0.6,-0.51,-0.42,-0.34,-0.26,-0.19,-0.13,-0.07,-0.03,-0.01,0,0,0,0,0,0,0,0,0,0
PARAM_Hair Twist R=0
PARAM_Hairfront_vive=0,0,0,0,0,0,0,0,0,0,0,0,0,0,0,0,0,0,0,0,0,0,0,0,0,0,0,0,0,0,0,0,0,0,0,0,0,0,0,0,0,0,0,0,0,0,0,0,0,0,0,0,0,0,0,0,0,0,0,0,0,0,0,0,0,0,0,0,0,0,0,0,0,0,0,0,0,0,0,0,0,0,0.09,0.24,0.37,0.47,0.51,0.39,0.18,0.05,0
PARAM_Hand L1=0
PARAM_Hand L2=0
PARAM_Hand L3=1
PARAM_HL4=0
PARAM_HL5=0
PARAM_HL6=0
PARAM_HL7=0
PARAM_Hand_L8=0
PARAM_Hand_L9=0
PARAM_Hand R1=0
PARAM_Hand R2=0
PARAM_Hand R3=1
PARAM_HR4=0
PARAM_HR5=0
PARAM_HR6=0
PARAM_HR7=0
PARAM_Hand_R8=0
PARAM_Hand_R9=0
PARAM_moveX=0
PARAM_moveY=0
PARAM_bodyS=0
PARAM_shangxia=0
PARAM_eyeFX=0
PARAM_deng_moveX=0
PARAM_deng_moveY=46
PARAM_deng_moveZ=1
PARAM_deng_qiehuan=0
PARAM_dengguang=0
PARAM_arm_LFX=0
PARAM_ear_FX=0
PARAM_hand_FX=0
PARAM_face_FX=0
PARAM_beixin_FX=0
PARAM_dengguang_FX=0
PARAM_handFX_move=0
PARAM_handFX_moveY=0
PARAM_handFX_moveZ=0
PARAM_ALL_moveZ=0
PARAM_kaideng=0
PARAM_dengxianshi=1