# Live2D Animator Motion Data
$fps=30

$fadein=1000

$fadeout=1000

PARAM_ANGLE_X=0,0,0,0,0,0,0,0,0,0,0,0,0,0,0,0,0,0,0,0,0,0,0,0,0,0,0,0,0,0,0,0,0,0,0,0,0,0,0,0,0,0.08,0.29,0.62,1.05,1.54,2.08,2.64,3.21,3.77,4.3,4.77,5.19,5.53,5.79,5.95,6,5.85,5.42,4.75,3.9,2.88,1.77,0.6,-0.6,-1.77,-2.88,-3.9,-4.75,-5.42,-5.85,-6,-5.85,-5.42,-4.75,-3.9,-2.88,-1.77,-0.6,0.6,1.77,2.88,3.9,4.75,5.42,5.85,6,5.85,5.42,4.75,3.9,2.88,1.77,0.6,-0.6,-1.77,-2.88,-3.9,-4.75,-5.42,-5.85,-6,-5.85,-5.42,-4.75,-3.9,-2.88,-1.77,-0.6,0.6,1.77,2.88,3.9,4.75,5.42,5.85,6,5.85,5.42,4.76,3.91,2.93,1.84,0.72,-0.42,-1.53,-2.59,-3.54,-4.38,-5.07,-5.57,-5.89,-6,-5.95,-5.8,-5.58,-5.29,-4.95,-4.56,-4.15,-3.72,-3.28,-2.83,-2.4,-1.97,-1.57,-1.2,-0.86,-0.57,-0.33,-0.15,-0.04,0,0,0,0,0,0,0,0,0,0,0,0,0,0,0,0,0,0,0,0,0,0,0,0,0,0,0
PARAM_ANGLE_Y=0,0,0,0,0,0,0,0,0,0,0,0,0.36,1.32,2.81,4.68,6.75,9,11.25,13.32,15.19,16.68,17.64,18,17.58,16.47,14.78,12.66,10.22,7.56,4.72,1.89,-1.01,-3.74,-6.33,-8.72,-10.82,-12.55,-13.86,-14.7,-15,-15,-15,-15,-15,-15,-15,-15,-15,-15,-15,-15,-15,-15,-15,-15,-15,-15,-15,-15,-15,-15,-15,-15,-15,-15,-15,-15,-15,-15,-15,-15,-15,-15,-15,-15,-15,-15,-15,-15,-15,-15,-15,-15,-15,-15,-15,-15,-15,-15,-15,-15,-15,-15,-15,-15,-15,-15,-15,-15,-15,-15,-15,-15,-15,-15,-15,-15,-15,-15,-15,-15,-15,-15,-15,-15,-15,-15,-15,-15,-15,-15,-15,-15,-15,-15,-15,-15,-15,-15,-15,-15,-15,-14.87,-14.5,-13.95,-13.22,-12.37,-11.41,-10.38,-9.31,-8.2,-7.08,-5.99,-4.93,-3.92,-3,-2.15,-1.42,-0.83,-0.39,-0.1,0,0,0,0,0,0,0,0,0,0,0,0,0,0,0,0,0,0,0,0,0,0,0,0,0,0,0
PARAM_ANGLE_Z=0
PARAM_BROW_L_Y=0
PARAM_BROW_R_Y=0
PARAM_BROW_L_X=0
PARAM_BROW_R_X=0
PARAM_eyebrow Change=0.5,0.5,0.5,0.5,0.5,0.5,0.5,0.5,0.5,0.5,0.5,0.5,0.49,0.46,0.42,0.37,0.31,0.25,0.19,0.13,0.08,0.04,0.01,0,0,0,0,0,0,0,0,0,0,0,0,0,0,0,0,0,0,0,0,0,0,0,0,0,0,0,0,0,0,0,0,0,0,0,0,0,0,0,0,0,0,0,0,0,0,0,0,0,0,0,0,0,0,0,0,0,0,0,0,0,0,0,0,0,0,0,0,0,0,0,0,0,0,0,0,0,0,0,0,0,0,0,0,0,0,0,0,0,0,0,0,0,0,0,0,0,0,0,0,0,0,0,0,0,0,0,0,0,0,0.004,0.017,0.035,0.06,0.09,0.12,0.15,0.19,0.23,0.26,0.3,0.34,0.37,0.4,0.43,0.45,0.472,0.487,0.497,0.5,0.5,0.5,0.5,0.5,0.5,0.5,0.5,0.5,0.5,0.5,0.5,0.5,0.5,0.5,0.5,0.5,0.5,0.5,0.5,0.5,0.5,0.5,0.5,0.5,0.5,0.5
PARAM_EYE_L_OPEN=1,1,1,1,1,1,1,1,1,1,1,1,1,1,1,1,1,0.999,0.994,0.985,0.971,0.953,0.93,0.9,0.86,0.8,0.74,0.68,0.61,0.53,0.46,0.39,0.32,0.25,0.19,0.14,0.09,0.05,0.02,0.006,0,0,0,0,0,0,0,0,0,0,0,0,0,0,0,0,0,0,0,0,0,0,0,0,0,0,0,0,0,0,0,0,0,0,0,0,0,0,0,0,0,0,0,0,0,0,0,0,0,0,0,0,0,0,0,0,0,0,0,0,0,0,0,0,0,0,0,0,0,0,0,0,0,0,0,0,0,0,0,0,0,0,0,0,0,0,0,0,0,0,0,0,0,0.009,0.03,0.07,0.12,0.18,0.24,0.31,0.38,0.45,0.53,0.6,0.67,0.74,0.8,0.86,0.91,0.94,0.97,0.993,1,1,1,1,1,1,1,1,1,1,1,1,1,1,1,1,1,1,1,1,1,1,1,1,1,1,1
PARAM_EYE_R_OPEN=1,1,1,1,1,1,1,1,1,1,1,1,1,1,1,1,1,0.999,0.994,0.985,0.971,0.953,0.93,0.9,0.86,0.8,0.74,0.68,0.61,0.53,0.46,0.39,0.32,0.25,0.19,0.14,0.09,0.05,0.02,0.006,0,0,0,0,0,0,0,0,0,0,0,0,0,0,0,0,0,0,0,0,0,0,0,0,0,0,0,0,0,0,0,0,0,0,0,0,0,0,0,0,0,0,0,0,0,0,0,0,0,0,0,0,0,0,0,0,0,0,0,0,0,0,0,0,0,0,0,0,0,0,0,0,0,0,0,0,0,0,0,0,0,0,0,0,0,0,0,0,0,0,0,0,0,0.009,0.03,0.07,0.12,0.18,0.24,0.31,0.38,0.45,0.53,0.6,0.67,0.74,0.8,0.86,0.91,0.94,0.97,0.993,1,1,1,1,1,1,1,1,1,1,1,1,1,1,1,1,1,1,1,1,1,1,1,1,1,1,1
PARAM_Smile eye=0,0,0,0,0,0,0,0,0,0,0,0,0.02,0.07,0.16,0.26,0.38,0.5,0.62,0.74,0.84,0.93,0.98,1,0.987,0.95,0.9,0.84,0.76,0.68,0.6,0.51,0.42,0.34,0.26,0.19,0.13,0.07,0.03,0.01,0,0,0,0,0,0,0,0,0,0,0,0,0,0,0,0,0,0,0,0,0,0,0,0,0,0,0,0,0,0,0,0,0,0,0,0,0,0,0,0,0,0,0,0,0,0,0,0,0,0,0,0,0,0,0,0,0,0,0,0,0,0,0,0,0,0,0,0,0,0,0,0,0,0,0,0,0,0,0,0,0,0,0,0,0,0,0,0,0,0,0,0,0,0,0,0,0,0,0,0,0,0,0,0,0,0,0,0,0,0,0,0,0,0,0,0,0,0,0,0,0,0,0,0,0,0,0,0,0,0,0,0,0,0,0,0,0,0,0
PARAM_Angry eye=0
PARAM_EYE_BALL_X=0
PARAM_EYE_BALL_Y=0,0,0,0,0,0,0,0,0,0,0,0,0.02,0.07,0.16,0.26,0.38,0.5,0.62,0.74,0.84,0.93,0.98,1,0.987,0.95,0.9,0.84,0.76,0.68,0.6,0.51,0.42,0.34,0.26,0.19,0.13,0.07,0.03,0.01,0,0,0,0,0,0,0,0,0,0,0,0,0,0,0,0,0,0,0,0,0,0,0,0,0,0,0,0,0,0,0,0,0,0,0,0,0,0,0,0,0,0,0,0,0,0,0,0,0,0,0,0,0,0,0,0,0,0,0,0,0,0,0,0,0,0,0,0,0,0,0,0,0,0,0,0,0,0,0,0,0,0,0,0,0,0,0,0,0,0,0,0,0,0,0,0,0,0,0,0,0,0,0,0,0,0,0,0,0,0,0,0,0,0,0,0,0,0,0,0,0,0,0,0,0,0,0,0,0,0,0,0,0,0,0,0,0,0,0
PARAM_MOUTH_FORM=0,0,0,0,0,0,0,0,0,0,0,0,0.02,0.07,0.16,0.26,0.38,0.5,0.62,0.74,0.84,0.93,0.98,1,1,1,1,1,1,1,1,1,1,1,1,1,1,1,1,1,1,1,1,1,1,1,1,1,1,1,1,1,1,1,1,1,1,1,1,1,1,1,1,1,1,1,1,1,1,1,1,1,1,1,1,1,1,1,1,1,1,1,1,1,1,1,1,1,1,1,1,1,1,1,1,1,1,1,1,1,1,1,1,1,1,1,1,1,1,1,1,1,1,1,1,1,1,1,1,1,1,1,1,1,1,1,1,1,1,1,1,1,1,0.991,0.97,0.93,0.88,0.82,0.76,0.69,0.62,0.55,0.47,0.4,0.33,0.26,0.2,0.14,0.09,0.06,0.03,0.007,0,0,0,0,0,0,0,0,0,0,0,0,0,0,0,0,0,0,0,0,0,0,0,0,0,0,0
PARAM_MOUTH_OPEN_Y=0,0,0,0,0,0,0,0,0,0,0,0,0.02,0.07,0.16,0.26,0.38,0.5,0.62,0.74,0.84,0.93,0.98,1,0.987,0.95,0.9,0.84,0.76,0.68,0.6,0.51,0.42,0.34,0.26,0.19,0.13,0.07,0.03,0.01,0,0,0,0,0,0,0,0,0,0,0,0,0,0,0,0,0,0,0,0,0,0,0,0,0,0,0,0,0,0,0,0,0,0,0,0,0,0,0,0,0,0,0,0,0,0,0,0,0,0,0,0,0,0,0,0,0,0,0,0,0,0,0,0,0,0,0,0,0,0,0,0,0,0,0,0,0,0,0,0,0,0,0,0,0,0,0,0,0,0,0,0,0,0,0,0,0,0,0,0,0,0,0,0,0,0,0,0,0,0,0,0,0,0,0,0,0,0,0,0,0,0,0,0,0,0,0,0,0,0,0,0,0,0,0,0,0,0,0
PARAM_Mouth=0
PARAM_Mouth Angle=0
PARAM_CHEEK=1
PARAM_BODY_ANGLE_X=0
PARAM_BODY_ANGLE_Z=0
PARAM_BREATH=0,0.002,0.007,0.016,0.028,0.042,0.06,0.08,0.11,0.13,0.16,0.2,0.24,0.28,0.31,0.34,0.37,0.4,0.42,0.436,0.451,0.461,0.468,0.47,0.464,0.448,0.42,0.39,0.36,0.32,0.28,0.24,0.2,0.16,0.12,0.09,0.06,0.03,0.016,0.004,0,0.002,0.007,0.016,0.028,0.042,0.059,0.078,0.1,0.12,0.15,0.17,0.2,0.23,0.25,0.28,0.31,0.34,0.36,0.39,0.41,0.44,0.46,0.48,0.502,0.519,0.534,0.546,0.556,0.564,0.568,0.57,0.568,0.563,0.554,0.542,0.528,0.511,0.491,0.47,0.45,0.42,0.4,0.37,0.34,0.31,0.29,0.26,0.23,0.2,0.17,0.15,0.12,0.1,0.08,0.059,0.042,0.028,0.016,0.007,0.002,0,0.002,0.008,0.019,0.033,0.05,0.07,0.09,0.12,0.14,0.17,0.2,0.24,0.27,0.3,0.34,0.37,0.4,0.43,0.47,0.5,0.53,0.55,0.58,0.6,0.62,0.637,0.651,0.662,0.668,0.67,0.668,0.62,0.58,0.53,0.48,0.44,0.39,0.35,0.3,0.26,0.22,0.18,0.15,0.12,0.09,0.06,0.04,0.023,0.011,0.003,0,0.007,0.021,0.038,0.057,0.073,0.087,0.097,0.1,0.097,0.087,0.074,0.058,0.042,0.026,0.013,0.003,0,0,0,0,0,0,0,0,0,0
PARAM_Bust Angle X=0
PARAM_Bust Angle Y=0
PARAM_Arm LT Angle=-5,-4.88,-4.59,-4.17,-3.67,-3.12,-2.55,-1.96,-1.41,-0.88,-0.41,0,0.37,0.67,0.92,1.12,1.28,1.39,1.48,1.54,1.57,1.592,1.599,1.6,1.58,1.53,1.44,1.34,1.22,1.09,0.96,0.82,0.68,0.55,0.42,0.3,0.2,0.12,0.06,0.01,0,0,0,0,0,0,0,0,0,0,0,0,0,0,0,0,0,0,0,0,0,0,0,0,0,0,0,0,0,0,0,0,0,0,0,0,0,0,0,0,0,0,0,0,0,0,0,0,0,0,0,0,0,0,0,0,0,0,0,0,0,0,0,0,0,0,0,0,0,0,0,0,0,0,0,0,0,0,0,0,0,0,0,0,0,0,0,0,0,0,0,0,0,0,0,0,0,0,0,0,0,0,0,0,0,0,0,0,0,0,0,0,0,0,0,0,0,0,0,0,0,-0.17,-0.63,-1.3,-2.09,-2.91,-3.7,-4.37,-4.83,-5,-5,-5,-5,-5,-5,-5,-5,-5,-5
PARAM_Arm RT Angle=-5,-4.88,-4.59,-4.17,-3.67,-3.12,-2.55,-1.96,-1.41,-0.88,-0.41,0,0.37,0.67,0.92,1.12,1.28,1.39,1.48,1.54,1.57,1.592,1.599,1.6,1.58,1.53,1.44,1.34,1.22,1.09,0.96,0.82,0.68,0.55,0.42,0.3,0.2,0.12,0.06,0.01,0,0,0,0,0,0,0,0,0,0,0,0,0,0,0,0,0,0,0,0,0,0,0,0,0,0,0,0,0,0,0,0,0,0,0,0,0,0,0,0,0,0,0,0,0,0,0,0,0,0,0,0,0,0,0,0,0,0,0,0,0,0,0,0,0,0,0,0,0,0,0,0,0,0,0,0,0,0,0,0,0,0,0,0,0,0,0,0,0,0,0,0,0,0,0,0,0,0,0,0,0,0,0,0,0,0,0,0,0,0,0,0,0,0,0,0,0,0,0,0,0,-0.17,-0.63,-1.3,-2.09,-2.91,-3.7,-4.37,-4.83,-5,-5,-5,-5,-5,-5,-5,-5,-5,-5
PARAM_Arm LB Agle=-1,-0.97,-0.89,-0.78,-0.65,-0.52,-0.39,-0.26,-0.16,-0.07,-0.02,0,0,0,0,0,0,0,0,0,0,0,0,0,0.013,0.05,0.1,0.16,0.23,0.31,0.4,0.48,0.57,0.65,0.73,0.8,0.86,0.92,0.96,0.98,0.99,0.99,0.99,0.99,0.99,0.99,0.99,0.99,0.99,0.99,0.99,0.99,0.99,0.99,0.99,0.99,0.99,0.99,0.99,0.99,0.99,0.99,0.99,0.99,0.99,0.99,0.99,0.99,0.99,0.99,0.99,0.99,0.99,0.99,0.99,0.99,0.99,0.99,0.99,0.99,0.99,0.99,0.99,0.99,0.99,0.99,0.99,0.99,0.99,0.99,0.99,0.99,0.99,0.99,0.99,0.99,0.99,0.99,0.99,0.99,0.99,0.99,0.99,0.99,0.99,0.99,0.99,0.99,0.99,0.99,0.99,0.99,0.99,0.99,0.99,0.99,0.99,0.99,0.99,0.99,0.99,0.99,0.99,0.99,0.99,0.99,0.99,0.99,0.99,0.99,0.99,0.99,0.99,0.981,0.96,0.92,0.87,0.82,0.75,0.68,0.61,0.54,0.47,0.4,0.33,0.26,0.2,0.14,0.09,0.05,0.03,0.007,0,0,0,0,0,0,0,0,0,-0.03,-0.13,-0.26,-0.42,-0.58,-0.74,-0.87,-0.97,-1,-1,-1,-1,-1,-1,-1,-1,-1,-1
PARAM_Arm RB Agle=-1,-0.97,-0.89,-0.78,-0.65,-0.52,-0.39,-0.26,-0.16,-0.07,-0.02,0,0,0,0,0,0,0,0,0,0,0,0,0,0.006,0.021,0.04,0.07,0.11,0.14,0.18,0.22,0.26,0.3,0.33,0.36,0.39,0.42,0.435,0.446,0.45,0.45,0.45,0.45,0.45,0.45,0.45,0.45,0.45,0.45,0.45,0.45,0.45,0.45,0.45,0.45,0.45,0.45,0.45,0.45,0.45,0.45,0.45,0.45,0.45,0.45,0.45,0.45,0.45,0.45,0.45,0.45,0.45,0.45,0.45,0.45,0.45,0.45,0.45,0.45,0.45,0.45,0.45,0.45,0.45,0.45,0.45,0.45,0.45,0.45,0.45,0.45,0.45,0.45,0.45,0.45,0.45,0.45,0.45,0.45,0.45,0.45,0.45,0.45,0.45,0.45,0.45,0.45,0.45,0.45,0.45,0.45,0.45,0.45,0.45,0.45,0.45,0.45,0.45,0.45,0.45,0.45,0.45,0.45,0.45,0.45,0.45,0.45,0.45,0.45,0.45,0.45,0.45,0.446,0.435,0.418,0.4,0.37,0.34,0.31,0.28,0.25,0.21,0.18,0.15,0.12,0.09,0.06,0.04,0.025,0.012,0.003,0,0,0,0,0,0,0,0,0,-0.03,-0.13,-0.26,-0.42,-0.58,-0.74,-0.87,-0.97,-1,-1,-1,-1,-1,-1,-1,-1,-1,-1
PARAM_Arm L hand=0,0,0,0,0,0,0,0,0,0,0,0,0.007,0.025,0.05,0.09,0.13,0.17,0.21,0.25,0.29,0.31,0.333,0.34,0.336,0.324,0.307,0.28,0.26,0.23,0.2,0.17,0.14,0.12,0.09,0.06,0.04,0.025,0.012,0.003,0,0.013,0.05,0.1,0.17,0.25,0.34,0.44,0.53,0.62,0.71,0.79,0.86,0.91,0.95,0.98,0.99,0.977,0.94,0.89,0.82,0.73,0.64,0.54,0.45,0.35,0.26,0.17,0.1,0.05,0.01,0,0.013,0.05,0.1,0.18,0.26,0.35,0.45,0.55,0.65,0.74,0.82,0.9,0.95,0.99,1,0.987,0.95,0.9,0.82,0.74,0.65,0.55,0.45,0.35,0.26,0.18,0.1,0.05,0.01,0,0.013,0.05,0.1,0.18,0.26,0.35,0.45,0.55,0.65,0.74,0.82,0.9,0.95,0.99,1,0.987,0.95,0.9,0.82,0.74,0.65,0.55,0.45,0.35,0.26,0.18,0.1,0.05,0.01,0,0,0,0,0,0,0,0,0,0,0,0,0,0,0,0,0,0,0,0,0,0,0,0,0,0,0,0,0,0,0,0,0,0,0,0,0,0,0,0,0,0,0,0,0,0,0,0
PARAM_Arm R hand=0,0,0,0,0,0,0,0,0,0,0,0,0.007,0.025,0.05,0.09,0.13,0.17,0.21,0.25,0.29,0.31,0.333,0.34,0.336,0.324,0.307,0.28,0.26,0.23,0.2,0.17,0.14,0.12,0.09,0.06,0.04,0.025,0.012,0.003,0,0,0,0,0,0,0,0,0,0,0,0,0,0,0,0,0,0,0,0,0,0,0,0,0,0,0,0,0,0,0,0,0,0,0,0,0,0,0,0,0,0,0,0,0,0,0,0,0,0,0,0,0,0,0,0,0,0,0,0,0,0,0,0,0,0,0,0,0,0,0,0,0,0,0,0,0,0,0,0,0,0,0,0,0,0,0,0,0,0,0,0,0,0,0,0,0,0,0,0,0,0,0,0,0,0,0,0,0,0,0,0,0,0,0,0,0,0,0,0,0,0,0,0,0,0,0,0,0,0,0,0,0,0,0,0,0,0,0
PARAM_Hair Twist L=0,0,0,0,0,0,0,0,0,0,0,0,0.008,0.03,0.06,0.1,0.15,0.2,0.25,0.3,0.34,0.37,0.39,0.4,0.4,0.4,0.4,0.4,0.4,0.4,0.4,0.4,0.4,0.4,0.4,0.4,0.4,0.4,0.4,0.4,0.4,0.4,0.4,0.4,0.4,0.4,0.4,0.4,0.4,0.4,0.4,0.4,0.4,0.4,0.4,0.4,0.4,0.4,0.4,0.4,0.4,0.4,0.4,0.4,0.4,0.4,0.4,0.4,0.4,0.4,0.4,0.4,0.4,0.4,0.4,0.4,0.4,0.4,0.4,0.4,0.4,0.4,0.4,0.4,0.4,0.4,0.4,0.4,0.4,0.4,0.4,0.4,0.4,0.4,0.4,0.4,0.4,0.4,0.4,0.4,0.4,0.4,0.4,0.4,0.4,0.4,0.4,0.4,0.4,0.4,0.4,0.4,0.4,0.4,0.4,0.4,0.4,0.4,0.4,0.4,0.4,0.4,0.4,0.4,0.4,0.4,0.4,0.4,0.4,0.4,0.4,0.4,0.4,0.397,0.387,0.372,0.353,0.33,0.3,0.28,0.25,0.22,0.19,0.16,0.13,0.1,0.08,0.06,0.038,0.022,0.01,0.003,0,0,0,0,0,0,0,0,0,0,0,0,0,0,0,0,0,0,0,0,0,0,0,0,0,0,0
PARAM_Hair Twist R=0,0,0,0,0,0,0,0,0,0,0,0,-0.012,-0.04,-0.09,-0.15,-0.22,-0.3,-0.37,-0.44,-0.5,-0.55,-0.59,-0.6,-0.602,-0.604,-0.605,-0.606,-0.607,-0.608,-0.61,-0.609,-0.61,-0.61,-0.61,-0.61,-0.61,-0.61,-0.61,-0.61,-0.61,-0.61,-0.61,-0.61,-0.61,-0.61,-0.61,-0.61,-0.61,-0.61,-0.61,-0.61,-0.61,-0.61,-0.61,-0.61,-0.61,-0.61,-0.61,-0.61,-0.61,-0.61,-0.61,-0.61,-0.61,-0.61,-0.61,-0.61,-0.61,-0.61,-0.61,-0.61,-0.61,-0.61,-0.61,-0.61,-0.61,-0.61,-0.61,-0.61,-0.61,-0.61,-0.61,-0.61,-0.61,-0.61,-0.61,-0.61,-0.61,-0.61,-0.61,-0.61,-0.61,-0.61,-0.61,-0.61,-0.61,-0.61,-0.61,-0.61,-0.61,-0.61,-0.61,-0.61,-0.61,-0.61,-0.61,-0.61,-0.61,-0.61,-0.61,-0.61,-0.61,-0.61,-0.61,-0.61,-0.61,-0.61,-0.61,-0.61,-0.61,-0.61,-0.61,-0.61,-0.61,-0.61,-0.61,-0.61,-0.61,-0.61,-0.61,-0.61,-0.61,-0.605,-0.59,-0.57,-0.54,-0.5,-0.46,-0.42,-0.38,-0.33,-0.29,-0.24,-0.2,-0.16,-0.12,-0.09,-0.06,-0.03,-0.016,-0.004,0,0,0,0,0,0,0,0,0,0,0,0,0,0,0,0,0,0,0,0,0,0,0,0,0,0,0
PARAM_Hairfront_vive=0,0,0,0,0,0,0,0,0,0,0,0,0.013,0.05,0.1,0.17,0.26,0.35,0.44,0.54,0.63,0.72,0.8,0.87,0.92,0.96,0.99,1,0.982,0.93,0.85,0.75,0.62,0.48,0.33,0.17,0,-0.17,-0.33,-0.48,-0.62,-0.75,-0.85,-0.93,-0.98,-1,-0.97,-0.9,-0.79,-0.65,-0.49,-0.31,-0.12,0.07,0.26,0.43,0.59,0.73,0.84,0.93,0.98,1,0.97,0.9,0.79,0.65,0.48,0.29,0.1,-0.1,-0.29,-0.48,-0.65,-0.79,-0.9,-0.97,-1,-0.97,-0.9,-0.79,-0.65,-0.48,-0.29,-0.1,0.1,0.29,0.48,0.65,0.79,0.9,0.97,1,0.97,0.9,0.79,0.65,0.49,0.31,0.12,-0.07,-0.26,-0.43,-0.59,-0.73,-0.84,-0.93,-0.98,-1,-0.99,-0.96,-0.91,-0.85,-0.78,-0.69,-0.59,-0.48,-0.37,-0.26,-0.14,-0.01,0.11,0.22,0.34,0.45,0.55,0.65,0.74,0.81,0.88,0.93,0.97,0.99,1,0.987,0.95,0.89,0.82,0.74,0.64,0.54,0.43,0.32,0.21,0.1,-0.01,-0.11,-0.2,-0.29,-0.36,-0.42,-0.46,-0.49,-0.5,-0.47,-0.4,-0.31,-0.22,-0.13,-0.06,-0.02,0,0,0,0,0,0,0,0,0,0,0,0,0,0,0,0,0,0,0
PARAM_Hand L1=0
PARAM_Hand L2=0
PARAM_Hand L3=0
PARAM_HL4=0,0,0,0,0,0,0,0,0,0,0,0,0,0,0,0,0,0,0,0,0,0,0,0,0,0,0,0,0,0,0,0,0,1,1,1,1,1,1,1,1,1,1,1,1,1,1,1,1,1,1,1,1,1,1,1,1,1,1,1,1,1,1,1,1,1,1,1,1,1,1,1,1,1,1,1,1,1,1,1,1,1,1,1,1,1,1,1,1,1,1,1,1,1,1,1,1,1,1,1,1,1,1,1,1,1,1,1,1,1,1,1,1,1,1,1,1,1,1,1,1,1,1,1,1,1,1,1,1,1,1,1,1,1,1,1,1,1,1,1,1,0,0,0,0,0,0,0,0,0,0,0,0,0,0,0,0,0,0,0,0,0,0,0,0,0,0,0,0,0,0,0,0,0,0,0,0,0,0
PARAM_Hand_L5=0
PARAM_Hand_L8=1,1,1,1,1,1,1,1,1,1,1,1,1,1,1,1,1,1,1,1,1,1,1,1,1,1,1,1,1,1,1,1,1,0,0,0,0,0,0,0,0,0,0,0,0,0,0,0,0,0,0,0,0,0,0,0,0,0,0,0,0,0,0,0,0,0,0,0,0,0,0,0,0,0,0,0,0,0,0,0,0,0,0,0,0,0,0,0,0,0,0,0,0,0,0,0,0,0,0,0,0,0,0,0,0,0,0,0,0,0,0,0,0,0,0,0,0,0,0,0,0,0,0,0,0,0,0,0,0,0,0,0,0,0,0,0,0,0,0,0,0,1,1,1,1,1,1,1,1,1,1,1,1,1,1,1,1,1,1,1,1,1,1,1,1,1,1,1,1,1,1,1,1,1,1,1,1,1,1
PARAM_Hand R1=0
PARAM_Hand R2=0
PARAM_Hand R3=0,0,0,0,0,0,0,0,0,0,0,0,0,0,0,0,0,0,0,0,0,0,0,0,0,0,0,0,0,0,0,0,0,1,1,1,1,1,1,1,1,1,1,1,1,1,1,1,1,1,1,1,1,1,1,1,1,1,1,1,1,1,1,1,1,1,1,1,1,1,1,1,1,1,1,1,1,1,1,1,1,1,1,1,1,1,1,1,1,1,1,1,1,1,1,1,1,1,1,1,1,1,1,1,1,1,1,1,1,1,1,1,1,1,1,1,1,1,1,1,1,1,1,1,1,1,1,1,1,1,1,1,1,1,1,1,1,1,1,1,1,0,0,0,0,0,0,0,0,0,0,0,0,0,0,0,0,0,0,0,0,0,0,0,0,0,0,0,0,0,0,0,0,0,0,0,0,0,0
PARAM_Hand_R8=1,1,1,1,1,1,1,1,1,1,1,1,1,1,1,1,1,1,1,1,1,1,1,1,1,1,1,1,1,1,1,1,1,0,0,0,0,0,0,0,0,0,0,0,0,0,0,0,0,0,0,0,0,0,0,0,0,0,0,0,0,0,0,0,0,0,0,0,0,0,0,0,0,0,0,0,0,0,0,0,0,0,0,0,0,0,0,0,0,0,0,0,0,0,0,0,0,0,0,0,0,0,0,0,0,0,0,0,0,0,0,0,0,0,0,0,0,0,0,0,0,0,0,0,0,0,0,0,0,0,0,0,0,0,0,0,0,0,0,0,0,1,1,1,1,1,1,1,1,1,1,1,1,1,1,1,1,1,1,1,1,1,1,1,1,1,1,1,1,1,1,1,1,1,1,1,1,1,1
PARAM_suprise=0
PARAM_mouth=1
PARAM_moveX=0
PARAM_moveY=0
PARAM_bodyS=0
PARAM_ruyao=0
PARAM_jingli=0
PARAM_armFX=0
PARAM_arm=1