# Live2D Animator Motion Data
$fps=30

$fadein=1000

$fadeout=1000

PARAM_ANGLE_X=0,-0.01,-0.04,-0.08,-0.15,-0.22,-0.31,-0.41,-0.53,-0.65,-0.78,-0.91,-1.06,-1.2,-1.35,-1.5,-1.65,-1.8,-1.94,-2.09,-2.22,-2.35,-2.47,-2.59,-2.69,-2.78,-2.85,-2.92,-2.96,-2.99,-3,-2.97,-2.89,-2.75,-2.56,-2.33,-2.06,-1.76,-1.42,-1.06,-0.67,-0.26,0.17,0.61,1.05,1.5,1.95,2.39,2.83,3.26,3.67,4.06,4.42,4.76,5.06,5.33,5.56,5.75,5.89,5.97,6,6,6,5.998,5.995,5.99,5.983,5.974,5.961,5.945,5.924,5.9,5.87,5.83,5.79,5.75,5.69,5.63,5.56,5.49,5.4,5.31,5.21,5.1,4.97,4.84,4.7,4.54,4.37,4.19,4,3.8,3.58,3.35,3.11,2.86,2.61,2.35,2.09,1.83,1.56,1.29,1.03,0.76,0.51,0.25,0.01,-0.23,-0.46,-0.68,-0.89,-1.08,-1.26,-1.42,-1.57,-1.69,-1.8,-1.89,-1.95,-1.99,-2,-2,-1.999,-1.997,-1.995,-1.991,-1.987,-1.981,-1.974,-1.966,-1.957,-1.946,-1.933,-1.919,-1.903,-1.885,-1.865,-1.84,-1.82,-1.79,-1.76,-1.73,-1.7,-1.66,-1.62,-1.58,-1.54,-1.49,-1.44,-1.38,-1.33,-1.26,-1.2,-1.13,-1.06,-0.98,-0.91,-0.82,-0.74,-0.64,-0.55,-0.45,-0.34,-0.23,-0.12,0,0.13,0.26,0.41,0.56,0.72,0.88,1.05,1.22,1.4,1.57,1.75,1.93,2.11,2.28,2.45,2.62,2.78,2.94,3.09,3.23,3.37,3.49,3.6,3.7,3.79,3.86,3.92,3.96,3.99,4,3.981,3.92,3.83,3.71,3.55,3.37,3.17,2.95,2.71,2.45,2.17,1.89,1.59,1.3,1,0.7,0.41,0.11,-0.17,-0.45,-0.71,-0.95,-1.17,-1.37,-1.55,-1.71,-1.83,-1.92,-1.98,-2,-1.99,-1.96,-1.92,-1.85,-1.78,-1.69,-1.59,-1.47,-1.35,-1.22,-1.09,-0.94,-0.8,-0.65,-0.5,-0.35,-0.2,-0.06,0.09,0.22,0.35,0.47,0.59,0.69,0.78,0.85,0.92,0.96,0.99,1,0.999,0.997,0.993,0.987,0.98,0.972,0.962,0.951,0.939,0.926,0.911,0.896,0.879,0.862,0.844,0.825,0.805,0.78,0.76,0.74,0.72,0.7,0.67,0.65,0.62,0.6,0.57,0.55,0.52,0.5,0.48,0.45,0.43,0.4,0.38,0.35,0.33,0.3,0.28,0.26,0.24,0.22,0.2,0.175,0.156,0.138,0.121,0.104,0.089,0.074,0.061,0.049,0.038,0.028,0.02,0.013,0.007,0.003,0.001,0,0,0,0,0,0,0,0,0,0,0,0,0,0,0,0
PARAM_ANGLE_Y=0,-0.03,-0.11,-0.25,-0.44,-0.67,-0.94,-1.24,-1.58,-1.94,-2.33,-2.74,-3.17,-3.61,-4.05,-4.5,-4.95,-5.39,-5.83,-6.26,-6.67,-7.06,-7.42,-7.76,-8.06,-8.33,-8.56,-8.75,-8.89,-8.97,-9,-8.94,-8.77,-8.5,-8.13,-7.66,-7.12,-6.52,-5.84,-5.12,-4.34,-3.51,-2.67,-1.78,-0.9,0,0.9,1.78,2.67,3.51,4.34,5.12,5.84,6.52,7.12,7.66,8.13,8.5,8.77,8.94,9,8.97,8.9,8.78,8.61,8.41,8.17,7.9,7.6,7.27,6.93,6.56,6.19,5.79,5.4,5,4.6,4.21,3.81,3.44,3.07,2.73,2.4,2.1,1.83,1.59,1.39,1.22,1.1,1.03,1,1.02,1.09,1.2,1.34,1.52,1.73,1.97,2.23,2.51,2.81,3.13,3.46,3.81,4.15,4.5,4.85,5.19,5.54,5.87,6.19,6.49,6.77,7.03,7.27,7.48,7.66,7.8,7.91,7.98,8,7.988,7.95,7.9,7.82,7.72,7.61,7.48,7.33,7.17,6.99,6.8,6.6,6.38,6.16,5.92,5.69,5.44,5.19,4.92,4.67,4.4,4.13,3.87,3.6,3.33,3.08,2.81,2.56,2.31,2.08,1.84,1.62,1.4,1.2,1.01,0.83,0.67,0.52,0.39,0.28,0.18,0.1,0.05,0.01,0,0.03,0.13,0.28,0.49,0.74,1.04,1.38,1.75,2.16,2.59,3.05,3.52,4.01,4.5,5,5.5,5.99,6.48,6.95,7.41,7.84,8.25,8.62,8.96,9.26,9.51,9.72,9.87,9.97,10,9.96,9.86,9.69,9.47,9.18,8.85,8.48,8.07,7.63,7.15,6.65,6.13,5.59,5.05,4.5,3.95,3.41,2.87,2.35,1.85,1.37,0.93,0.52,0.15,-0.18,-0.47,-0.69,-0.86,-0.96,-1,-0.96,-0.85,-0.66,-0.42,-0.11,0.25,0.66,1.1,1.59,2.11,2.66,3.22,3.81,4.4,5,5.6,6.19,6.78,7.34,7.89,8.41,8.9,9.34,9.75,10.11,10.42,10.66,10.85,10.96,11,10.96,10.86,10.69,10.47,10.18,9.85,9.48,9.07,8.63,8.15,7.65,7.13,6.59,6.05,5.5,4.95,4.41,3.87,3.35,2.85,2.37,1.93,1.52,1.15,0.82,0.53,0.31,0.14,0.04,0,0,0,0,0,0,0,0,0,0,0,0,0,0,0,0,0,0,0,0,0,0,0,0,0,0,0,0,0,0,0,0,0,0,0,0,0,0,0,0,0,0,0,0,0,0
PARAM_ANGLE_Z=0
PARAM_BROW_L_Y=0
PARAM_BROW_R_Y=0
PARAM_BROW_L_X=0
PARAM_BROW_R_X=0
PARAM_eyebrow Change=0.5
PARAM_EYE_L_OPEN=1,1,1,1,1,1,1,1,1,1,1,1,1,1,1,1,1,1,1,1,1,1,1,1,1,1,1,1,1,1,1,1,1,1,1,1,1,1,1,1,1,1,1,1,1,1,1,1,1,0.27,0,0.26,0.74,1,1,1,1,1,1,1,1,1,1,1,1,1,1,1,1,1,1,1,1,1,1,1,1,1,1,1,1,1,1,1,1,1,1,1,1,1,1,1,1,1,1,1,1,1,1,1,1,1,1,1,1,1,1,1,1,1,1,1,1,1,1,1,0.27,0,0.26,0.74,1,1,1,1,1,1,1,1,1,1,1,1,1,1,1,1,1,1,1,1,1,1,1,1,1,1,1,1,1,1,1,1,1,1,1,1,1,1,1,1,1,1,1,1,1,1,1,1,1,1,1,1,1,1,1,1,1,1,1,1,1,1,1,1,1,1,1,1,1,1,1,1,1,1,1,1,1,1,1,1,1,1,1,1,1,1,1,1,1,1,1,1,1,1,0.27,0,0.26,0.74,1,1,1,1,1,1,1,1,1,1,1,1,1,1,1,1,1,1,1,1,1,1,1,1,1,1,1,1,1,1,1,1,1,1,1,1,1,1,1,1,1,1,1,1,1,1,1,1,1,1,1,1,1,1,1,1,1,1,1,1,1,1,1,0.27,0,0.26,0.74,1,1,1,1,1,1,1,1,1,1,1,1,1,1,1,1,1,1,1,1,1,1,1,1,1,1,1,1,1,1,1,1,1,1,1,1,1,1,1,1,1,1,1,1,1,1
PARAM_EYE_R_OPEN=1,1,1,1,1,1,1,1,1,1,1,1,1,1,1,1,1,1,1,1,1,1,1,1,1,1,1,1,1,1,1,1,1,1,1,1,1,1,1,1,1,1,1,1,1,1,1,1,1,0.27,0,0.26,0.74,1,1,1,1,1,1,1,1,1,1,1,1,1,1,1,1,1,1,1,1,1,1,1,1,1,1,1,1,1,1,1,1,1,1,1,1,1,1,1,1,1,1,1,1,1,1,1,1,1,1,1,1,1,1,1,1,1,1,1,1,1,1,1,0.27,0,0.26,0.74,1,1,1,1,1,1,1,1,1,1,1,1,1,1,1,1,1,1,1,1,1,1,1,1,1,1,1,1,1,1,1,1,1,1,1,1,1,1,1,1,1,1,1,1,1,1,1,1,1,1,1,1,1,1,1,1,1,1,1,1,1,1,1,1,1,1,1,1,1,1,1,1,1,1,1,1,1,1,1,1,1,1,1,1,1,1,1,1,1,1,1,1,1,1,0.27,0,0.26,0.74,1,1,1,1,1,1,1,1,1,1,1,1,1,1,1,1,1,1,1,1,1,1,1,1,1,1,1,1,1,1,1,1,1,1,1,1,1,1,1,1,1,1,1,1,1,1,1,1,1,1,1,1,1,1,1,1,1,1,1,1,1,1,1,0.27,0,0.26,0.74,1,1,1,1,1,1,1,1,1,1,1,1,1,1,1,1,1,1,1,1,1,1,1,1,1,1,1,1,1,1,1,1,1,1,1,1,1,1,1,1,1,1,1,1,1,1
PARAM_Smile eye=0
PARAM_Angry eye=0
PARAM_EYE_BALL_X=0,0,-0.003,-0.006,-0.01,-0.015,-0.021,-0.027,-0.033,-0.04,-0.047,-0.053,-0.059,-0.065,-0.07,-0.074,-0.077,-0.079,-0.08,-0.04,0.04,0.15,0.25,0.34,0.39,0.407,0.405,0.398,0.388,0.375,0.36,0.343,0.325,0.306,0.287,0.269,0.252,0.235,0.221,0.208,0.198,0.19,0.183,0.177,0.171,0.165,0.161,0.156,0.152,0.148,0.144,0.14,0.137,0.133,0.13,0.126,0.123,0.119,0.115,0.11,0.06,0.057,0.055,0.052,0.05,0.047,0.045,0.042,0.04,0.038,0.035,0.033,0.03,0.028,0.026,0.023,0.021,0.018,0.016,0.013,0.01,0.008,0.005,0.002,-0.001,-0.004,-0.007,-0.01,-0.014,-0.018,-0.022,-0.026,-0.031,-0.036,-0.041,-0.046,-0.051,-0.057,-0.063,-0.068,-0.074,-0.081,-0.087,-0.093,-0.1,-0.117,-0.15,-0.18,-0.21,-0.23,-0.245,-0.25,-0.245,-0.232,-0.211,-0.19,-0.16,-0.13,-0.1,-0.07,-0.05,-0.03,-0.013,-0.003,0,0,0,0,0,0,0,0,0,0,0,0,0,0,0,0,0,0,0,0,0,0,0,0,0,0,0,0,0,0,0,0,0,0,0,0,0,0,0,0,0,0,0,-0.003,-0.006,-0.01,-0.015,-0.021,-0.027,-0.033,-0.04,-0.047,-0.053,-0.059,-0.065,-0.07,-0.074,-0.077,-0.079,-0.08,-0.04,0.04,0.15,0.25,0.34,0.39,0.407,0.405,0.398,0.388,0.375,0.36,0.343,0.325,0.306,0.287,0.269,0.252,0.235,0.221,0.208,0.198,0.19,0.183,0.177,0.171,0.165,0.161,0.156,0.152,0.148,0.144,0.14,0.137,0.133,0.13,0.126,0.123,0.119,0.115,0.11,0.06,0.057,0.055,0.052,0.05,0.047,0.045,0.042,0.04,0.038,0.035,0.033,0.03,0.028,0.026,0.023,0.021,0.018,0.016,0.013,0.01,0.008,0.005,0.002,-0.001,-0.004,-0.007,-0.01,-0.014,-0.018,-0.022,-0.026,-0.031,-0.036,-0.041,-0.046,-0.051,-0.057,-0.063,-0.068,-0.074,-0.081,-0.087,-0.093,-0.1,-0.117,-0.15,-0.18,-0.21,-0.23,-0.245,-0.25,-0.245,-0.232,-0.211,-0.19,-0.16,-0.13,-0.1,-0.07,-0.05,-0.03,-0.013,-0.003,0,-0.002,-0.006,-0.013,-0.021,-0.029,-0.037,-0.044,-0.048,-0.05,-0.05,-0.05,-0.049,-0.048,-0.046,-0.045,-0.043,-0.042,-0.04,-0.038,-0.036,-0.033,-0.031,-0.029,-0.026,-0.024,-0.022,-0.02,-0.017,-0.015,-0.013,-0.011,-0.009,-0.007,-0.006,-0.004,-0.003,-0.002,-0.001,-0.001,0,0
PARAM_EYE_BALL_Y=0,-0.001,-0.004,-0.01,-0.016,-0.024,-0.034,-0.044,-0.054,-0.065,-0.076,-0.086,-0.096,-0.106,-0.114,-0.12,-0.126,-0.129,-0.13,-0.126,-0.115,-0.1,-0.081,-0.06,-0.04,-0.02,0.01,0.03,0.05,0.072,0.089,0.105,0.119,0.13,0.14,0.149,0.156,0.161,0.165,0.168,0.17,0.17,0.169,0.167,0.163,0.159,0.153,0.147,0.14,0.132,0.125,0.118,0.11,0.103,0.097,0.091,0.087,0.083,0.081,0.08,0.38,0.377,0.369,0.356,0.338,0.32,0.29,0.26,0.23,0.2,0.16,0.12,0.08,0.04,0.01,-0.03,-0.07,-0.11,-0.15,-0.18,-0.21,-0.24,-0.27,-0.29,-0.306,-0.319,-0.327,-0.33,-0.328,-0.324,-0.318,-0.311,-0.302,-0.292,-0.282,-0.271,-0.261,-0.251,-0.242,-0.233,-0.225,-0.219,-0.214,-0.211,-0.21,-0.213,-0.22,-0.229,-0.237,-0.244,-0.249,-0.25,-0.234,-0.19,-0.13,-0.05,0.04,0.13,0.23,0.31,0.39,0.45,0.5,0.53,0.54,0.54,0.538,0.536,0.532,0.528,0.523,0.517,0.511,0.504,0.495,0.487,0.477,0.467,0.456,0.445,0.433,0.421,0.407,0.394,0.38,0.365,0.35,0.335,0.319,0.302,0.286,0.268,0.251,0.233,0.215,0.197,0.178,0.159,0.14,0.121,0.101,0.081,0.06,0.041,0.02,0,-0.02,-0.038,-0.054,-0.067,-0.079,-0.09,-0.099,-0.106,-0.112,-0.117,-0.121,-0.124,-0.127,-0.128,-0.129,-0.13,-0.13,-0.13,-0.126,-0.115,-0.1,-0.081,-0.06,-0.04,-0.02,0.01,0.03,0.05,0.072,0.089,0.105,0.119,0.13,0.14,0.149,0.156,0.161,0.165,0.168,0.17,0.17,0.169,0.167,0.163,0.159,0.153,0.147,0.14,0.132,0.125,0.118,0.11,0.103,0.097,0.091,0.087,0.083,0.081,0.08,0.38,0.377,0.369,0.356,0.338,0.32,0.29,0.26,0.23,0.2,0.16,0.12,0.08,0.04,0.01,-0.03,-0.07,-0.11,-0.15,-0.18,-0.21,-0.24,-0.27,-0.29,-0.306,-0.319,-0.327,-0.33,-0.328,-0.324,-0.318,-0.311,-0.302,-0.292,-0.282,-0.271,-0.261,-0.251,-0.242,-0.233,-0.225,-0.219,-0.214,-0.211,-0.21,-0.213,-0.22,-0.229,-0.237,-0.244,-0.249,-0.25,-0.234,-0.19,-0.13,-0.05,0.04,0.13,0.23,0.31,0.39,0.45,0.5,0.53,0.54,0.535,0.522,0.501,0.48,0.45,0.42,0.39,0.36,0.33,0.31,0.28,0.26,0.24,0.22,0.201,0.184,0.167,0.152,0.137,0.123,0.111,0.099,0.088,0.077,0.067,0.059,0.05,0.043,0.036,0.03,0.025,0.02,0.015,0.012,0.008,0.006,0.004,0.002,0.001,0,0
PARAM_MOUTH_FORM=0,0,-0.002,-0.005,-0.009,-0.014,-0.02,-0.026,-0.033,-0.041,-0.049,-0.058,-0.067,-0.076,-0.086,-0.095,-0.104,-0.114,-0.123,-0.132,-0.141,-0.149,-0.157,-0.164,-0.17,-0.176,-0.181,-0.185,-0.188,-0.189,-0.19,-0.19,-0.19,-0.189,-0.188,-0.186,-0.184,-0.182,-0.18,-0.177,-0.173,-0.169,-0.165,-0.161,-0.155,-0.15,-0.144,-0.137,-0.13,-0.122,-0.114,-0.106,-0.096,-0.086,-0.076,-0.065,-0.053,-0.041,-0.028,-0.014,0,0.014,0.029,0.043,0.057,0.07,0.083,0.096,0.109,0.121,0.132,0.144,0.155,0.165,0.175,0.185,0.194,0.203,0.211,0.218,0.225,0.232,0.237,0.242,0.247,0.251,0.254,0.257,0.259,0.26,0.26,0.26,0.257,0.254,0.249,0.244,0.237,0.23,0.222,0.213,0.203,0.193,0.182,0.171,0.16,0.149,0.137,0.126,0.114,0.103,0.092,0.081,0.07,0.06,0.051,0.042,0.034,0.026,0.02,0.014,0.009,0.005,0.002,0.001,0,0,0,0,0,0,0,0,0,0,0,0,0,0,0,0,0,0,0,0,0,0,0,0,0,0,0,0,0,0,0,0,0,0,0,0,0,0,0,0,0,0,0,-0.002,-0.005,-0.009,-0.014,-0.02,-0.026,-0.033,-0.041,-0.049,-0.058,-0.067,-0.076,-0.086,-0.095,-0.104,-0.114,-0.123,-0.132,-0.141,-0.149,-0.157,-0.164,-0.17,-0.176,-0.181,-0.185,-0.188,-0.189,-0.19,-0.19,-0.19,-0.189,-0.188,-0.186,-0.184,-0.182,-0.18,-0.177,-0.173,-0.169,-0.165,-0.161,-0.155,-0.15,-0.144,-0.137,-0.13,-0.122,-0.114,-0.106,-0.096,-0.086,-0.076,-0.065,-0.053,-0.041,-0.028,-0.014,0,0.014,0.029,0.043,0.057,0.07,0.083,0.096,0.109,0.121,0.132,0.144,0.155,0.165,0.175,0.185,0.194,0.203,0.211,0.218,0.225,0.232,0.237,0.242,0.247,0.251,0.254,0.257,0.259,0.26,0.26,0.26,0.257,0.254,0.249,0.244,0.237,0.23,0.222,0.213,0.203,0.193,0.182,0.171,0.16,0.149,0.137,0.126,0.114,0.103,0.092,0.081,0.07,0.06,0.051,0.042,0.034,0.026,0.02,0.014,0.009,0.005,0.002,0.001,0,0,0,0,0,0,0,0,0,0,0,0,0,0,0,0,0,0,0,0,0,0,0,0,0,0,0,0,0,0,0,0,0,0,0,0,0,0,0,0,0,0
PARAM_MOUTH_OPEN_Y=0,0,0.002,0.004,0.007,0.011,0.016,0.022,0.028,0.034,0.042,0.05,0.058,0.067,0.076,0.086,0.095,0.106,0.116,0.127,0.138,0.149,0.159,0.171,0.181,0.192,0.203,0.214,0.224,0.235,0.244,0.254,0.263,0.272,0.28,0.288,0.296,0.302,0.308,0.314,0.319,0.323,0.326,0.328,0.33,0.33,0.329,0.325,0.319,0.31,0.3,0.288,0.275,0.26,0.245,0.228,0.21,0.192,0.174,0.156,0.138,0.12,0.102,0.085,0.07,0.055,0.042,0.03,0.02,0.011,0.005,0.001,0,0.001,0.004,0.009,0.016,0.024,0.034,0.045,0.057,0.07,0.084,0.098,0.113,0.129,0.144,0.16,0.176,0.192,0.207,0.222,0.237,0.251,0.265,0.278,0.29,0.3,0.31,0.319,0.326,0.332,0.336,0.339,0.34,0.328,0.3,0.25,0.2,0.15,0.1,0.06,0.03,0.007,0,0,0,0,0,0,0,0,0,0,0,0,0,0,0,0,0,0,0,0,0,0,0,0,0,0,0,0,0,0,0,0,0,0,0,0,0,0,0,0,0,0,0,0,0,0,0,0,0,0,0,0,0,0.002,0.004,0.007,0.011,0.016,0.022,0.028,0.034,0.042,0.05,0.058,0.067,0.076,0.086,0.095,0.106,0.116,0.127,0.138,0.149,0.159,0.171,0.181,0.192,0.203,0.214,0.224,0.235,0.244,0.254,0.263,0.272,0.28,0.288,0.296,0.302,0.308,0.314,0.319,0.323,0.326,0.328,0.33,0.33,0.329,0.325,0.319,0.31,0.3,0.288,0.275,0.26,0.245,0.228,0.21,0.192,0.174,0.156,0.138,0.12,0.102,0.085,0.07,0.055,0.042,0.03,0.02,0.011,0.005,0.001,0,0.001,0.004,0.009,0.016,0.024,0.034,0.045,0.057,0.07,0.084,0.098,0.113,0.129,0.144,0.16,0.176,0.192,0.207,0.222,0.237,0.251,0.265,0.278,0.29,0.3,0.31,0.319,0.326,0.332,0.336,0.339,0.34,0.328,0.3,0.25,0.2,0.15,0.1,0.06,0.03,0.007,0,0,0,0,0,0,0,0,0,0,0,0,0,0,0,0,0,0,0,0,0,0,0,0,0,0,0,0,0,0,0,0,0,0,0,0,0,0,0,0,0,0,0,0,0,0,0,0,0,0,0,0
PARAM_Mouth=0
PARAM_Mouth Angle=0
PARAM_CHEEK=1
PARAM_BODY_ANGLE_X=0
PARAM_BODY_ANGLE_Z=0
PARAM_BREATH=0,0,0.001,0.002,0.004,0.006,0.009,0.012,0.016,0.02,0.024,0.029,0.034,0.04,0.046,0.052,0.059,0.065,0.073,0.08,0.088,0.096,0.104,0.112,0.121,0.13,0.139,0.148,0.157,0.166,0.176,0.186,0.195,0.205,0.215,0.225,0.235,0.245,0.255,0.265,0.275,0.285,0.295,0.305,0.314,0.324,0.334,0.343,0.352,0.361,0.37,0.379,0.388,0.396,0.404,0.412,0.42,0.427,0.435,0.441,0.448,0.454,0.46,0.466,0.471,0.476,0.48,0.484,0.488,0.491,0.494,0.496,0.498,0.499,0.5,0.5,0.5,0.5,0.5,0.5,0.5,0.5,0.5,0.5,0.499,0.5,0.5,0.498,0.5,0.5,0.497,0.5,0.495,0.495,0.49,0.494,0.493,0.49,0.491,0.491,0.49,0.489,0.488,0.487,0.486,0.484,0.483,0.482,0.481,0.48,0.478,0.477,0.475,0.474,0.472,0.47,0.469,0.467,0.465,0.463,0.461,0.459,0.457,0.455,0.453,0.451,0.448,0.446,0.444,0.441,0.438,0.436,0.433,0.43,0.427,0.425,0.422,0.418,0.415,0.412,0.409,0.405,0.402,0.398,0.395,0.391,0.387,0.384,0.38,0.376,0.372,0.367,0.363,0.359,0.354,0.35,0.345,0.341,0.336,0.331,0.326,0.321,0.316,0.311,0.305,0.3,0.294,0.286,0.277,0.266,0.255,0.242,0.229,0.215,0.201,0.186,0.17,0.155,0.139,0.124,0.109,0.094,0.08,0.067,0.054,0.043,0.032,0.023,0.015,0.009,0.004,0.001,0,0,0.003,0.006,0.01,0.015,0.021,0.029,0.037,0.046,0.056,0.067,0.078,0.09,0.103,0.116,0.13,0.144,0.158,0.173,0.188,0.203,0.219,0.234,0.25,0.266,0.281,0.297,0.312,0.327,0.342,0.356,0.37,0.384,0.397,0.41,0.422,0.433,0.444,0.454,0.463,0.471,0.479,0.485,0.49,0.494,0.497,0.499,0.5,0.5,0.5,0.498,0.497,0.496,0.494,0.491,0.489,0.486,0.483,0.479,0.476,0.472,0.467,0.463,0.458,0.453,0.448,0.443,0.437,0.431,0.425,0.419,0.412,0.406,0.399,0.392,0.385,0.378,0.37,0.363,0.355,0.348,0.34,0.332,0.324,0.316,0.308,0.3,0.292,0.283,0.275,0.267,0.258,0.25,0.242,0.233,0.225,0.217,0.208,0.2,0.192,0.184,0.176,0.168,0.16,0.152,0.145,0.137,0.13,0.122,0.115,0.108,0.101,0.094,0.088,0.081,0.075,0.069,0.063,0.057,0.052,0.047,0.042,0.037,0.033,0.028,0.024,0.021,0.017,0.014,0.011,0.009,0.006,0.004,0.003,0.002,0.001,0,0
PARAM_Bust Angle X=0
PARAM_Bust Angle Y=0
PARAM_Arm LT Angle=-5
PARAM_Arm RT Angle=-5
PARAM_Arm LB Agle=-1
PARAM_Arm RB Agle=-1
PARAM_Arm L hand=0
PARAM_Arm R hand=0
PARAM_Hair Twist L=0
PARAM_Hair Twist R=0
PARAM_Hairfront_vive=0
PARAM_Hand L1=0
PARAM_Hand L2=0
PARAM_Hand L3=0
PARAM_HL4=0
PARAM_Hand_L5=0
PARAM_Hand_L8=1
PARAM_Hand R1=0
PARAM_Hand R2=0
PARAM_Hand R3=0
PARAM_Hand_R8=1
PARAM_suprise=0
PARAM_mouth=1
PARAM_moveX=0
PARAM_moveY=0
PARAM_bodyS=0
PARAM_ruyao=0
PARAM_jingli=0
PARAM_armFX=0
PARAM_arm=1