# Live2D Animator Motion Data
$fps=30

$fadein=1000

$fadeout=1000

PARAM_ANGLE_X=0,-0.01,-0.04,-0.08,-0.15,-0.22,-0.31,-0.41,-0.53,-0.65,-0.78,-0.91,-1.06,-1.2,-1.35,-1.5,-1.65,-1.8,-1.94,-2.09,-2.22,-2.35,-2.47,-2.59,-2.69,-2.78,-2.85,-2.92,-2.96,-2.99,-3,-2.97,-2.9,-2.78,-2.61,-2.41,-2.17,-1.9,-1.6,-1.27,-0.93,-0.56,-0.19,0.21,0.6,1,1.4,1.79,2.19,2.56,2.93,3.27,3.6,3.9,4.17,4.41,4.61,4.78,4.9,4.97,5,4.999,4.997,4.994,4.988,4.981,4.973,4.962,4.95,4.935,4.919,4.9,4.88,4.85,4.83,4.8,4.77,4.73,4.7,4.66,4.61,4.57,4.52,4.47,4.41,4.35,4.29,4.22,4.15,4.08,4,3.92,3.83,3.73,3.63,3.52,3.41,3.3,3.18,3.06,2.94,2.82,2.69,2.57,2.44,2.32,2.2,2.08,1.96,1.85,1.74,1.64,1.54,1.45,1.36,1.28,1.21,1.14,1.08,1.04,1,0.97,0.94,0.91,0.88,0.86,0.83,0.81,0.78,0.76,0.74,0.72,0.699,0.679,0.661,0.642,0.625,0.607,0.591,0.574,0.557,0.54,0.524,0.507,0.491,0.474,0.457,0.44,0.422,0.404,0.386,0.366,0.347,0.33,0.3,0.28,0.26,0.24,0.21,0.18,0.16,0.13,0.1,0.07,0.03,0,-0.05,-0.11,-0.2,-0.3,-0.42,-0.55,-0.7,-0.85,-1.02,-1.19,-1.37,-1.56,-1.75,-1.94,-2.13,-2.32,-2.51,-2.69,-2.87,-3.04,-3.2,-3.35,-3.49,-3.62,-3.73,-3.82,-3.9,-3.95,-3.99,-4,-3.997,-3.986,-3.968,-3.94,-3.91,-3.87,-3.82,-3.76,-3.7,-3.62,-3.54,-3.45,-3.34,-3.23,-3.11,-2.98,-2.84,-2.69,-2.53,-2.35,-2.17,-1.98,-1.77,-1.55,-1.33,-1.08,-0.83,-0.56,-0.29,0,0.29,0.58,0.86,1.13,1.4,1.66,1.91,2.15,2.38,2.61,2.83,3.04,3.24,3.43,3.61,3.78,3.94,4.09,4.23,4.36,4.48,4.59,4.68,4.76,4.83,4.89,4.94,4.97,4.993,5,5,5,5,5,5,5,5,5,5,5,5,5,5,5,5,5,5,5,5,5,5,5,5,5,5,5,5,5,5,5,4.984,4.94,4.86,4.76,4.63,4.48,4.31,4.12,3.92,3.71,3.48,3.24,3,2.75,2.5,2.25,2,1.76,1.52,1.29,1.08,0.88,0.69,0.52,0.37,0.24,0.14,0.06,0.02,0,0,0,0,0,0,0,0,0,0,0,0,0,0,0,0
PARAM_ANGLE_Y=0,-0.06,-0.23,-0.5,-0.87,-1.34,-1.88,-2.48,-3.16,-3.88,-4.66,-5.49,-6.33,-7.22,-8.1,-9,-9.9,-10.78,-11.67,-12.51,-13.34,-14.12,-14.84,-15.52,-16.12,-16.66,-17.13,-17.5,-17.77,-17.94,-18,-18,-18,-17.999,-17.996,-17.99,-17.98,-17.965,-17.94,-17.92,-17.88,-17.84,-17.78,-17.71,-17.64,-17.55,-17.44,-17.33,-17.19,-17.04,-16.87,-16.68,-16.48,-16.25,-16,-15.73,-15.43,-15.12,-14.77,-14.4,-14,-13.57,-13.09,-12.58,-12.03,-11.45,-10.85,-10.23,-9.59,-8.94,-8.28,-7.61,-6.94,-6.26,-5.6,-4.95,-4.32,-3.7,-3.09,-2.52,-1.97,-1.46,-0.98,-0.55,-0.17,0.17,0.46,0.69,0.86,0.96,1,0.95,0.81,0.58,0.27,-0.12,-0.56,-1.07,-1.63,-2.24,-2.88,-3.57,-4.28,-5.01,-5.75,-6.5,-7.25,-7.99,-8.72,-9.43,-10.12,-10.76,-11.37,-11.93,-12.44,-12.88,-13.27,-13.58,-13.81,-13.95,-14,-13.98,-13.92,-13.82,-13.69,-13.52,-13.32,-13.09,-12.83,-12.54,-12.23,-11.9,-11.55,-11.17,-10.78,-10.37,-9.95,-9.51,-9.07,-8.62,-8.16,-7.7,-7.24,-6.76,-6.3,-5.84,-5.38,-4.93,-4.49,-4.05,-3.63,-3.22,-2.83,-2.45,-2.1,-1.77,-1.46,-1.17,-0.91,-0.68,-0.48,-0.31,-0.18,-0.08,-0.02,0,-0.04,-0.15,-0.33,-0.57,-0.88,-1.24,-1.64,-2.09,-2.57,-3.09,-3.65,-4.22,-4.82,-5.43,-6.04,-6.66,-7.28,-7.9,-8.5,-9.09,-9.66,-10.19,-10.7,-11.18,-11.61,-12,-12.34,-12.62,-12.84,-13,-13.12,-13.23,-13.33,-13.42,-13.5,-13.57,-13.64,-13.7,-13.76,-13.8,-13.84,-13.88,-13.91,-13.94,-13.96,-13.976,-13.99,-14.001,-14.008,-14.013,-14.015,-14.016,-14.015,-14.014,-14.011,-14.008,-14.005,-14.002,-14.001,-14,-14,-14,-14,-13.998,-13.993,-13.986,-13.975,-13.959,-13.94,-13.91,-13.88,-13.84,-13.79,-13.73,-13.66,-13.59,-13.5,-13.4,-13.28,-13.16,-13.02,-12.86,-12.69,-12.5,-12.3,-12.08,-11.84,-11.58,-11.3,-11,-10.68,-10.32,-9.94,-9.53,-9.1,-8.66,-8.21,-7.74,-7.26,-6.77,-6.28,-5.79,-5.29,-4.81,-4.34,-3.87,-3.42,-2.98,-2.56,-2.16,-1.79,-1.44,-1.13,-0.85,-0.6,-0.39,-0.22,-0.1,-0.03,0,0,0,0,0,0,0,0,0,0,0,0,0,0,0,0,0,0,0,0,0,0,0,0,0,0,0,0,0,0,0,0,0,0,0,0,0,0,0,0,0,0,0,0,0,0
PARAM_ANGLE_Z=0
PARAM_BROW_L_Y=0
PARAM_BROW_R_Y=0
PARAM_BROW_L_X=0
PARAM_BROW_R_X=0
PARAM_eyebrow Change=0
PARAM_eyebrow2 Rotate=0
PARAM_EYE_L_OPEN=1,1,1,1,1,1,1,1,1,1,1,1,1,1,1,1,1,1,1,1,1,1,1,1,1,1,1,1,1,1,1,1,1,1,1,1,1,1,1,1,1,1,1,1,1,1,1,1,1,0.27,0,0.26,0.74,1,1,1,1,1,1,1,1,1,1,1,1,1,1,1,1,1,1,1,1,1,1,1,1,1,1,1,1,1,1,1,1,1,1,1,1,1,1,1,1,1,1,1,1,1,1,1,1,1,1,1,1,1,1,1,1,1,1,1,1,1,1,1,0.27,0,0.26,0.74,1,1,1,1,1,1,1,1,1,1,1,1,1,1,1,1,1,1,1,1,1,1,1,1,1,1,1,1,1,1,1,1,1,1,1,1,1,1,1,1,1,1,1,1,1,1,1,1,1,1,1,1,1,1,1,1,1,1,1,1,1,1,1,1,1,1,1,1,1,1,1,1,1,1,1,1,1,1,1,1,1,1,1,1,1,1,1,1,1,1,1,1,1,1,0.27,0,0.26,0.74,1,1,1,1,1,1,1,1,1,1,1,1,1,1,1,1,1,1,1,1,1,1,1,1,1,1,1,1,1,1,1,1,1,1,1,1,1,1,1,1,1,1,1,1,1,1,1,1,1,1,1,1,1,1,1,1,1,1,1,1,1,1,1,0.27,0,0.26,0.74,1,1,1,1,1,1,1,1,1,1,1,1,1,1,1,1,1,1,1,1,1,1,1,1,1,1,1,1,1,1,1,1,1,1,1,1,1,1,1,1,1,1,1,1,1,1
PARAM_EYE_R_OPEN=1,1,1,1,1,1,1,1,1,1,1,1,1,1,1,1,1,1,1,1,1,1,1,1,1,1,1,1,1,1,1,1,1,1,1,1,1,1,1,1,1,1,1,1,1,1,1,1,1,0.27,0,0.26,0.74,1,1,1,1,1,1,1,1,1,1,1,1,1,1,1,1,1,1,1,1,1,1,1,1,1,1,1,1,1,1,1,1,1,1,1,1,1,1,1,1,1,1,1,1,1,1,1,1,1,1,1,1,1,1,1,1,1,1,1,1,1,1,1,0.27,0,0.26,0.74,1,1,1,1,1,1,1,1,1,1,1,1,1,1,1,1,1,1,1,1,1,1,1,1,1,1,1,1,1,1,1,1,1,1,1,1,1,1,1,1,1,1,1,1,1,1,1,1,1,1,1,1,1,1,1,1,1,1,1,1,1,1,1,1,1,1,1,1,1,1,1,1,1,1,1,1,1,1,1,1,1,1,1,1,1,1,1,1,1,1,1,1,1,1,0.27,0,0.26,0.74,1,1,1,1,1,1,1,1,1,1,1,1,1,1,1,1,1,1,1,1,1,1,1,1,1,1,1,1,1,1,1,1,1,1,1,1,1,1,1,1,1,1,1,1,1,1,1,1,1,1,1,1,1,1,1,1,1,1,1,1,1,1,1,0.27,0,0.26,0.74,1,1,1,1,1,1,1,1,1,1,1,1,1,1,1,1,1,1,1,1,1,1,1,1,1,1,1,1,1,1,1,1,1,1,1,1,1,1,1,1,1,1,1,1,1,1
PARAM_Smile eye=0
PARAM_Angry eye=0,0.004,0.014,0.03,0.05,0.08,0.11,0.14,0.17,0.2,0.24,0.27,0.3,0.33,0.36,0.38,0.396,0.406,0.41,0.41,0.41,0.41,0.41,0.409,0.41,0.407,0.406,0.406,0.405,0.403,0.402,0.401,0.4,0.398,0.396,0.395,0.393,0.391,0.389,0.387,0.385,0.383,0.381,0.378,0.376,0.374,0.371,0.368,0.366,0.363,0.36,0.357,0.354,0.351,0.348,0.345,0.342,0.339,0.335,0.332,0.329,0.325,0.322,0.318,0.315,0.311,0.307,0.304,0.3,0.296,0.292,0.289,0.285,0.281,0.277,0.273,0.269,0.265,0.261,0.257,0.253,0.249,0.244,0.24,0.236,0.232,0.228,0.224,0.22,0.215,0.211,0.207,0.203,0.199,0.195,0.19,0.186,0.182,0.178,0.174,0.17,0.166,0.161,0.157,0.153,0.149,0.145,0.141,0.137,0.133,0.129,0.125,0.121,0.118,0.114,0.11,0.106,0.103,0.099,0.095,0.092,0.088,0.085,0.081,0.078,0.075,0.071,0.068,0.065,0.062,0.059,0.056,0.053,0.05,0.047,0.044,0.042,0.039,0.036,0.034,0.032,0.029,0.027,0.025,0.023,0.021,0.019,0.017,0.015,0.014,0.012,0.01,0.009,0.008,0.007,0.005,0.004,0.004,0.003,0.002,0,0.001,0,0,0,0,0.004,0.014,0.03,0.05,0.08,0.11,0.14,0.17,0.2,0.24,0.27,0.3,0.33,0.36,0.38,0.396,0.406,0.41,0.41,0.41,0.41,0.41,0.409,0.41,0.407,0.406,0.406,0.405,0.403,0.402,0.401,0.4,0.398,0.396,0.395,0.393,0.391,0.389,0.387,0.385,0.383,0.381,0.378,0.376,0.374,0.371,0.368,0.366,0.363,0.36,0.357,0.354,0.351,0.348,0.345,0.342,0.339,0.335,0.332,0.329,0.325,0.322,0.318,0.315,0.311,0.307,0.304,0.3,0.296,0.292,0.289,0.285,0.281,0.277,0.273,0.269,0.265,0.261,0.257,0.253,0.249,0.244,0.24,0.236,0.232,0.228,0.224,0.22,0.215,0.211,0.207,0.203,0.199,0.195,0.19,0.186,0.182,0.178,0.174,0.17,0.166,0.161,0.157,0.153,0.149,0.145,0.141,0.137,0.133,0.129,0.125,0.121,0.118,0.114,0.11,0.106,0.103,0.099,0.095,0.092,0.088,0.085,0.081,0.078,0.075,0.071,0.068,0.065,0.062,0.059,0.056,0.053,0.05,0.047,0.044,0.042,0.039,0.036,0.034,0.032,0.029,0.027,0.025,0.023,0.021,0.019,0.017,0.015,0.014,0.012,0.01,0.009,0.008,0.007,0.005,0.004,0.004,0.003,0.002,0,0.001,0,0,0,0
PARAM_EYE_BALL_X=0,0,-0.003,-0.006,-0.01,-0.015,-0.021,-0.027,-0.033,-0.04,-0.047,-0.053,-0.059,-0.065,-0.07,-0.074,-0.077,-0.079,-0.08,-0.04,0.04,0.15,0.25,0.34,0.39,0.407,0.405,0.398,0.388,0.375,0.36,0.343,0.325,0.306,0.287,0.269,0.252,0.235,0.221,0.208,0.198,0.19,0.183,0.177,0.171,0.165,0.161,0.156,0.152,0.148,0.144,0.14,0.137,0.133,0.13,0.126,0.123,0.119,0.115,0.11,0.06,0.057,0.055,0.052,0.05,0.047,0.045,0.042,0.04,0.038,0.035,0.033,0.03,0.028,0.026,0.023,0.021,0.018,0.016,0.013,0.01,0.008,0.005,0.002,-0.001,-0.004,-0.007,-0.01,-0.014,-0.018,-0.022,-0.026,-0.031,-0.036,-0.041,-0.046,-0.051,-0.057,-0.063,-0.068,-0.074,-0.081,-0.087,-0.093,-0.1,-0.117,-0.15,-0.18,-0.21,-0.23,-0.245,-0.25,-0.245,-0.232,-0.211,-0.19,-0.16,-0.13,-0.1,-0.07,-0.05,-0.03,-0.013,-0.003,0,0,0,0,0,0,0,0,0,0,0,0,0,0,0,0,0,0,0,0,0,0,0,0,0,0,0,0,0,0,0,0,0,0,0,0,0,0,0,0,0,0,0,-0.003,-0.006,-0.01,-0.015,-0.021,-0.027,-0.033,-0.04,-0.047,-0.053,-0.059,-0.065,-0.07,-0.074,-0.077,-0.079,-0.08,-0.04,0.04,0.15,0.25,0.34,0.39,0.407,0.405,0.398,0.388,0.375,0.36,0.343,0.325,0.306,0.287,0.269,0.252,0.235,0.221,0.208,0.198,0.19,0.183,0.177,0.171,0.165,0.161,0.156,0.152,0.148,0.144,0.14,0.137,0.133,0.13,0.126,0.123,0.119,0.115,0.11,0.06,0.057,0.055,0.052,0.05,0.047,0.045,0.042,0.04,0.038,0.035,0.033,0.03,0.028,0.026,0.023,0.021,0.018,0.016,0.013,0.01,0.008,0.005,0.002,-0.001,-0.004,-0.007,-0.01,-0.014,-0.018,-0.022,-0.026,-0.031,-0.036,-0.041,-0.046,-0.051,-0.057,-0.063,-0.068,-0.074,-0.081,-0.087,-0.093,-0.1,-0.117,-0.15,-0.18,-0.21,-0.23,-0.245,-0.25,-0.245,-0.232,-0.211,-0.19,-0.16,-0.13,-0.1,-0.07,-0.05,-0.03,-0.013,-0.003,0,-0.002,-0.006,-0.013,-0.021,-0.029,-0.037,-0.044,-0.048,-0.05,-0.05,-0.05,-0.049,-0.048,-0.046,-0.045,-0.043,-0.042,-0.04,-0.038,-0.036,-0.033,-0.031,-0.029,-0.026,-0.024,-0.022,-0.02,-0.017,-0.015,-0.013,-0.011,-0.009,-0.007,-0.006,-0.004,-0.003,-0.002,-0.001,-0.001,0,0
PARAM_EYE_BALL_Y=0,-0.001,-0.004,-0.01,-0.016,-0.024,-0.034,-0.044,-0.054,-0.065,-0.076,-0.086,-0.096,-0.106,-0.114,-0.12,-0.126,-0.129,-0.13,-0.126,-0.115,-0.1,-0.081,-0.06,-0.04,-0.02,0.01,0.03,0.05,0.072,0.089,0.105,0.119,0.13,0.14,0.149,0.156,0.161,0.165,0.168,0.17,0.17,0.169,0.167,0.163,0.159,0.153,0.147,0.14,0.132,0.125,0.118,0.11,0.103,0.097,0.091,0.087,0.083,0.081,0.08,0.38,0.377,0.369,0.356,0.338,0.32,0.29,0.26,0.23,0.2,0.16,0.12,0.08,0.04,0.01,-0.03,-0.07,-0.11,-0.15,-0.18,-0.21,-0.24,-0.27,-0.29,-0.306,-0.319,-0.327,-0.33,-0.328,-0.324,-0.318,-0.311,-0.302,-0.292,-0.282,-0.271,-0.261,-0.251,-0.242,-0.233,-0.225,-0.219,-0.214,-0.211,-0.21,-0.213,-0.22,-0.229,-0.237,-0.244,-0.249,-0.25,-0.234,-0.19,-0.13,-0.05,0.04,0.13,0.23,0.31,0.39,0.45,0.5,0.53,0.54,0.54,0.538,0.536,0.532,0.528,0.523,0.517,0.511,0.504,0.495,0.487,0.477,0.467,0.456,0.445,0.433,0.421,0.407,0.394,0.38,0.365,0.35,0.335,0.319,0.302,0.286,0.268,0.251,0.233,0.215,0.197,0.178,0.159,0.14,0.121,0.101,0.081,0.06,0.041,0.02,0,-0.02,-0.038,-0.054,-0.067,-0.079,-0.09,-0.099,-0.106,-0.112,-0.117,-0.121,-0.124,-0.127,-0.128,-0.129,-0.13,-0.13,-0.13,-0.126,-0.115,-0.1,-0.081,-0.06,-0.04,-0.02,0.01,0.03,0.05,0.072,0.089,0.105,0.119,0.13,0.14,0.149,0.156,0.161,0.165,0.168,0.17,0.17,0.169,0.167,0.163,0.159,0.153,0.147,0.14,0.132,0.125,0.118,0.11,0.103,0.097,0.091,0.087,0.083,0.081,0.08,0.38,0.377,0.369,0.356,0.338,0.32,0.29,0.26,0.23,0.2,0.16,0.12,0.08,0.04,0.01,-0.03,-0.07,-0.11,-0.15,-0.18,-0.21,-0.24,-0.27,-0.29,-0.306,-0.319,-0.327,-0.33,-0.328,-0.324,-0.318,-0.311,-0.302,-0.292,-0.282,-0.271,-0.261,-0.251,-0.242,-0.233,-0.225,-0.219,-0.214,-0.211,-0.21,-0.213,-0.22,-0.229,-0.237,-0.244,-0.249,-0.25,-0.234,-0.19,-0.13,-0.05,0.04,0.13,0.23,0.31,0.39,0.45,0.5,0.53,0.54,0.535,0.522,0.501,0.48,0.45,0.42,0.39,0.36,0.33,0.31,0.28,0.26,0.24,0.22,0.201,0.184,0.167,0.152,0.137,0.123,0.111,0.099,0.088,0.077,0.067,0.059,0.05,0.043,0.036,0.03,0.025,0.02,0.015,0.012,0.008,0.006,0.004,0.002,0.001,0,0
PARAM_MOUTH_FORM=0,0,-0.002,-0.005,-0.009,-0.014,-0.02,-0.026,-0.033,-0.041,-0.049,-0.058,-0.067,-0.076,-0.086,-0.095,-0.104,-0.114,-0.123,-0.132,-0.141,-0.149,-0.157,-0.164,-0.17,-0.176,-0.181,-0.185,-0.188,-0.189,-0.19,-0.19,-0.19,-0.189,-0.188,-0.186,-0.184,-0.182,-0.18,-0.177,-0.173,-0.169,-0.165,-0.161,-0.155,-0.15,-0.144,-0.137,-0.13,-0.122,-0.114,-0.106,-0.096,-0.086,-0.076,-0.065,-0.053,-0.041,-0.028,-0.014,0,0.014,0.029,0.043,0.057,0.07,0.083,0.096,0.109,0.121,0.132,0.144,0.155,0.165,0.175,0.185,0.194,0.203,0.211,0.218,0.225,0.232,0.237,0.242,0.247,0.251,0.254,0.257,0.259,0.26,0.26,0.26,0.257,0.254,0.249,0.244,0.237,0.23,0.222,0.213,0.203,0.193,0.182,0.171,0.16,0.149,0.137,0.126,0.114,0.103,0.092,0.081,0.07,0.06,0.051,0.042,0.034,0.026,0.02,0.014,0.009,0.005,0.002,0.001,0,0,0,0,0,0,0,0,0,0,0,0,0,0,0,0,0,0,0,0,0,0,0,0,0,0,0,0,0,0,0,0,0,0,0,0,0,0,0,0,0,0,0,-0.002,-0.005,-0.009,-0.014,-0.02,-0.026,-0.033,-0.041,-0.049,-0.058,-0.067,-0.076,-0.086,-0.095,-0.104,-0.114,-0.123,-0.132,-0.141,-0.149,-0.157,-0.164,-0.17,-0.176,-0.181,-0.185,-0.188,-0.189,-0.19,-0.19,-0.19,-0.189,-0.188,-0.186,-0.184,-0.182,-0.18,-0.177,-0.173,-0.169,-0.165,-0.161,-0.155,-0.15,-0.144,-0.137,-0.13,-0.122,-0.114,-0.106,-0.096,-0.086,-0.076,-0.065,-0.053,-0.041,-0.028,-0.014,0,0.014,0.029,0.043,0.057,0.07,0.083,0.096,0.109,0.121,0.132,0.144,0.155,0.165,0.175,0.185,0.194,0.203,0.211,0.218,0.225,0.232,0.237,0.242,0.247,0.251,0.254,0.257,0.259,0.26,0.26,0.26,0.257,0.254,0.249,0.244,0.237,0.23,0.222,0.213,0.203,0.193,0.182,0.171,0.16,0.149,0.137,0.126,0.114,0.103,0.092,0.081,0.07,0.06,0.051,0.042,0.034,0.026,0.02,0.014,0.009,0.005,0.002,0.001,0,0,0,0,0,0,0,0,0,0,0,0,0,0,0,0,0,0,0,0,0,0,0,0,0,0,0,0,0,0,0,0,0,0,0,0,0,0,0,0,0,0
PARAM_MOUTH_OPEN_Y=0,0,0.002,0.004,0.007,0.011,0.016,0.022,0.028,0.034,0.042,0.05,0.058,0.067,0.076,0.086,0.095,0.106,0.116,0.127,0.138,0.149,0.159,0.171,0.181,0.192,0.203,0.214,0.224,0.235,0.244,0.254,0.263,0.272,0.28,0.288,0.296,0.302,0.308,0.314,0.319,0.323,0.326,0.328,0.33,0.33,0.329,0.325,0.319,0.31,0.3,0.288,0.275,0.26,0.245,0.228,0.21,0.192,0.174,0.156,0.138,0.12,0.102,0.085,0.07,0.055,0.042,0.03,0.02,0.011,0.005,0.001,0,0.001,0.004,0.009,0.016,0.024,0.034,0.045,0.057,0.07,0.084,0.098,0.113,0.129,0.144,0.16,0.176,0.192,0.207,0.222,0.237,0.251,0.265,0.278,0.29,0.3,0.31,0.319,0.326,0.332,0.336,0.339,0.34,0.328,0.3,0.25,0.2,0.15,0.1,0.06,0.03,0.007,0,0,0,0,0,0,0,0,0,0,0,0,0,0,0,0,0,0,0,0,0,0,0,0,0,0,0,0,0,0,0,0,0,0,0,0,0,0,0,0,0,0,0,0,0,0,0,0,0,0,0,0,0,0.002,0.004,0.007,0.011,0.016,0.022,0.028,0.034,0.042,0.05,0.058,0.067,0.076,0.086,0.095,0.106,0.116,0.127,0.138,0.149,0.159,0.171,0.181,0.192,0.203,0.214,0.224,0.235,0.244,0.254,0.263,0.272,0.28,0.288,0.296,0.302,0.308,0.314,0.319,0.323,0.326,0.328,0.33,0.33,0.329,0.325,0.319,0.31,0.3,0.288,0.275,0.26,0.245,0.228,0.21,0.192,0.174,0.156,0.138,0.12,0.102,0.085,0.07,0.055,0.042,0.03,0.02,0.011,0.005,0.001,0,0.001,0.004,0.009,0.016,0.024,0.034,0.045,0.057,0.07,0.084,0.098,0.113,0.129,0.144,0.16,0.176,0.192,0.207,0.222,0.237,0.251,0.265,0.278,0.29,0.3,0.31,0.319,0.326,0.332,0.336,0.339,0.34,0.328,0.3,0.25,0.2,0.15,0.1,0.06,0.03,0.007,0,0,0,0,0,0,0,0,0,0,0,0,0,0,0,0,0,0,0,0,0,0,0,0,0,0,0,0,0,0,0,0,0,0,0,0,0,0,0,0,0,0,0,0,0,0,0,0,0,0,0,0
PARAM_Mouth=0
PARAM_Mouth Angle=0
PARAM_CHEEK=1
PARAM_BODY_ANGLE_X=0
PARAM_BODY_ANGLE_Z=0
PARAM_BREATH=0,0,0,0,0.001,0,0.003,0.004,0.005,0.006,0.008,0.009,0.011,0.013,0.015,0.017,0.019,0.021,0.023,0.026,0.028,0.031,0.034,0.037,0.04,0.043,0.046,0.049,0.052,0.055,0.059,0.062,0.066,0.069,0.073,0.076,0.08,0.084,0.087,0.091,0.095,0.099,0.103,0.107,0.111,0.114,0.118,0.122,0.126,0.13,0.134,0.138,0.142,0.146,0.15,0.153,0.157,0.161,0.165,0.168,0.172,0.176,0.179,0.183,0.186,0.19,0.193,0.196,0.2,0.203,0.206,0.209,0.212,0.215,0.217,0.22,0.223,0.225,0.228,0.23,0.232,0.235,0.237,0.239,0.241,0.243,0.245,0.247,0.249,0.251,0.253,0.255,0.257,0.258,0.26,0.262,0.263,0.265,0.266,0.268,0.269,0.27,0.272,0.273,0.274,0.275,0.277,0.278,0.279,0.28,0.281,0.282,0.283,0.284,0.285,0.285,0.286,0.287,0.29,0.289,0.289,0.29,0.291,0.291,0.29,0.292,0.29,0.293,0.29,0.294,0.29,0.295,0.3,0.3,0.296,0.3,0.3,0.297,0.3,0.3,0.3,0.298,0.3,0.3,0.3,0.3,0.299,0.3,0.3,0.3,0.3,0.3,0.3,0.3,0.3,0.3,0.3,0.3,0.3,0.3,0.3,0.3,0.3,0.3,0.3,0.3,0.299,0.295,0.29,0.282,0.273,0.262,0.25,0.237,0.222,0.207,0.191,0.175,0.158,0.142,0.125,0.109,0.093,0.078,0.063,0.05,0.038,0.027,0.018,0.01,0.005,0.001,0,0,0.001,0.002,0.004,0.007,0.009,0.013,0.016,0.02,0.025,0.029,0.034,0.04,0.045,0.051,0.057,0.063,0.07,0.076,0.083,0.089,0.096,0.103,0.11,0.117,0.124,0.131,0.137,0.144,0.15,0.157,0.163,0.169,0.175,0.18,0.186,0.191,0.195,0.2,0.204,0.207,0.211,0.213,0.216,0.218,0.219,0.22,0.22,0.22,0.22,0.22,0.219,0.22,0.217,0.216,0.215,0.214,0.212,0.211,0.209,0.208,0.206,0.204,0.202,0.199,0.197,0.195,0.192,0.19,0.187,0.184,0.181,0.178,0.176,0.172,0.169,0.166,0.163,0.16,0.156,0.153,0.15,0.146,0.143,0.139,0.135,0.132,0.128,0.125,0.121,0.117,0.114,0.11,0.106,0.103,0.099,0.095,0.092,0.088,0.085,0.081,0.077,0.074,0.07,0.067,0.064,0.06,0.057,0.054,0.051,0.048,0.044,0.042,0.039,0.036,0.033,0.03,0.028,0.025,0.023,0.021,0.018,0.016,0.014,0.012,0.011,0.009,0.008,0.006,0.005,0.004,0.003,0.002,0,0.001,0,0,0
PARAM_Bust Angle X=0
PARAM_Bust Angle Y=0
PARAM_Arm LT Angle=0,0,0.001,0.003,0.005,0.007,0.01,0.014,0.017,0.022,0.027,0.032,0.038,0.044,0.05,0.057,0.064,0.072,0.08,0.088,0.097,0.105,0.114,0.124,0.133,0.143,0.153,0.163,0.173,0.183,0.194,0.205,0.215,0.226,0.237,0.248,0.259,0.271,0.282,0.293,0.304,0.315,0.327,0.338,0.349,0.36,0.371,0.382,0.392,0.403,0.413,0.424,0.434,0.444,0.454,0.463,0.473,0.482,0.491,0.5,0.508,0.516,0.524,0.532,0.539,0.546,0.552,0.559,0.564,0.57,0.575,0.579,0.584,0.587,0.591,0.593,0.596,0.598,0.599,0.6,0.6,0.6,0.599,0.598,0.596,0.594,0.591,0.588,0.585,0.581,0.576,0.572,0.567,0.561,0.556,0.549,0.543,0.536,0.529,0.522,0.514,0.506,0.498,0.49,0.481,0.472,0.463,0.454,0.445,0.435,0.425,0.416,0.406,0.396,0.385,0.375,0.365,0.354,0.344,0.333,0.323,0.312,0.301,0.291,0.28,0.27,0.259,0.249,0.238,0.228,0.217,0.207,0.197,0.187,0.178,0.168,0.158,0.149,0.14,0.131,0.122,0.114,0.105,0.097,0.089,0.082,0.074,0.067,0.06,0.054,0.048,0.042,0.037,0.031,0.027,0.022,0.018,0.014,0.011,0.008,0.006,0.004,0.002,0.001,0,0,0,0.001,0.003,0.005,0.007,0.01,0.014,0.017,0.022,0.027,0.032,0.038,0.044,0.05,0.057,0.064,0.072,0.08,0.088,0.097,0.105,0.114,0.124,0.133,0.143,0.153,0.163,0.173,0.183,0.194,0.205,0.215,0.226,0.237,0.248,0.259,0.271,0.282,0.293,0.304,0.315,0.327,0.338,0.349,0.36,0.371,0.382,0.392,0.403,0.413,0.424,0.434,0.444,0.454,0.463,0.473,0.482,0.491,0.5,0.508,0.516,0.524,0.532,0.539,0.546,0.552,0.559,0.564,0.57,0.575,0.579,0.584,0.587,0.591,0.593,0.596,0.598,0.599,0.6,0.6,0.6,0.599,0.598,0.596,0.594,0.591,0.588,0.585,0.581,0.576,0.572,0.567,0.561,0.556,0.549,0.543,0.536,0.529,0.522,0.514,0.506,0.498,0.49,0.481,0.472,0.463,0.454,0.445,0.435,0.425,0.416,0.406,0.396,0.385,0.375,0.365,0.354,0.344,0.333,0.323,0.312,0.301,0.291,0.28,0.27,0.259,0.249,0.238,0.228,0.217,0.207,0.197,0.187,0.178,0.168,0.158,0.149,0.14,0.131,0.122,0.114,0.105,0.097,0.089,0.082,0.074,0.067,0.06,0.054,0.048,0.042,0.037,0.031,0.027,0.022,0.018,0.014,0.011,0.008,0.006,0.004,0.002,0.001,0,0
PARAM_Arm RT Angle=0,0,0.003,0.007,0.012,0.019,0.027,0.036,0.047,0.059,0.072,0.086,0.101,0.117,0.134,0.153,0.172,0.19,0.21,0.23,0.26,0.28,0.3,0.33,0.35,0.38,0.41,0.43,0.46,0.49,0.52,0.55,0.57,0.6,0.63,0.66,0.69,0.72,0.75,0.78,0.81,0.84,0.87,0.9,0.93,0.96,0.99,1.02,1.05,1.07,1.1,1.13,1.16,1.18,1.21,1.24,1.26,1.29,1.31,1.33,1.36,1.38,1.398,1.42,1.437,1.456,1.473,1.489,1.505,1.52,1.533,1.545,1.556,1.566,1.575,1.582,1.589,1.594,1.597,1.599,1.6,1.599,1.597,1.594,1.589,1.584,1.577,1.569,1.559,1.549,1.537,1.525,1.511,1.497,1.482,1.465,1.448,1.43,1.411,1.392,1.371,1.35,1.33,1.31,1.28,1.26,1.24,1.21,1.19,1.16,1.13,1.11,1.08,1.05,1.03,1,0.97,0.94,0.92,0.89,0.86,0.83,0.8,0.78,0.75,0.72,0.69,0.66,0.63,0.61,0.58,0.55,0.53,0.5,0.47,0.45,0.42,0.4,0.37,0.35,0.33,0.3,0.28,0.26,0.24,0.218,0.198,0.179,0.161,0.144,0.128,0.112,0.097,0.084,0.071,0.059,0.048,0.038,0.029,0.022,0.015,0.01,0.006,0.002,0.001,0,0,0.003,0.007,0.012,0.019,0.027,0.036,0.047,0.059,0.072,0.086,0.101,0.117,0.134,0.153,0.172,0.19,0.21,0.23,0.26,0.28,0.3,0.33,0.35,0.38,0.41,0.43,0.46,0.49,0.52,0.55,0.57,0.6,0.63,0.66,0.69,0.72,0.75,0.78,0.81,0.84,0.87,0.9,0.93,0.96,0.99,1.02,1.05,1.07,1.1,1.13,1.16,1.18,1.21,1.24,1.26,1.29,1.31,1.33,1.36,1.38,1.398,1.42,1.437,1.456,1.473,1.489,1.505,1.52,1.533,1.545,1.556,1.566,1.575,1.582,1.589,1.594,1.597,1.599,1.6,1.599,1.597,1.594,1.589,1.584,1.577,1.569,1.559,1.549,1.537,1.525,1.511,1.497,1.482,1.465,1.448,1.43,1.411,1.392,1.371,1.35,1.33,1.31,1.28,1.26,1.24,1.21,1.19,1.16,1.13,1.11,1.08,1.05,1.03,1,0.97,0.94,0.92,0.89,0.86,0.83,0.8,0.78,0.75,0.72,0.69,0.66,0.63,0.61,0.58,0.55,0.53,0.5,0.47,0.45,0.42,0.4,0.37,0.35,0.33,0.3,0.28,0.26,0.24,0.218,0.198,0.179,0.161,0.144,0.128,0.112,0.097,0.084,0.071,0.059,0.048,0.038,0.029,0.022,0.015,0.01,0.006,0.002,0.001,0
PARAM_Arm LB Agle=0
PARAM_Arm RB Agle=0
PARAM_Arm L hand=0,0,0,0,0.001,0,0.003,0.004,0.005,0.006,0.007,0.009,0.01,0.012,0.013,0.015,0.017,0.019,0.021,0.023,0.026,0.028,0.03,0.033,0.035,0.038,0.041,0.043,0.046,0.049,0.052,0.055,0.057,0.06,0.063,0.066,0.069,0.072,0.075,0.078,0.081,0.084,0.087,0.09,0.093,0.096,0.099,0.102,0.105,0.107,0.11,0.113,0.116,0.118,0.121,0.124,0.126,0.129,0.131,0.133,0.136,0.138,0.14,0.142,0.144,0.146,0.147,0.149,0.151,0.152,0.153,0.155,0.156,0.157,0.158,0.158,0.16,0.159,0.16,0.16,0.16,0.16,0.16,0.16,0.159,0.16,0.158,0.157,0.156,0.155,0.154,0.152,0.151,0.15,0.148,0.147,0.145,0.143,0.141,0.139,0.137,0.135,0.133,0.131,0.128,0.126,0.124,0.121,0.119,0.116,0.113,0.111,0.108,0.105,0.103,0.1,0.097,0.094,0.092,0.089,0.086,0.083,0.08,0.078,0.075,0.072,0.069,0.066,0.063,0.061,0.058,0.055,0.053,0.05,0.047,0.045,0.042,0.04,0.037,0.035,0.033,0.03,0.028,0.026,0.024,0.022,0.02,0.018,0.016,0.014,0.013,0.011,0.01,0.008,0.007,0.006,0.005,0.004,0.003,0,0.002,0.001,0,0,0,0,0,0,0,0.001,0,0.003,0.004,0.005,0.006,0.007,0.009,0.01,0.012,0.013,0.015,0.017,0.019,0.021,0.023,0.026,0.028,0.03,0.033,0.035,0.038,0.041,0.043,0.046,0.049,0.052,0.055,0.057,0.06,0.063,0.066,0.069,0.072,0.075,0.078,0.081,0.084,0.087,0.09,0.093,0.096,0.099,0.102,0.105,0.107,0.11,0.113,0.116,0.118,0.121,0.124,0.126,0.129,0.131,0.133,0.136,0.138,0.14,0.142,0.144,0.146,0.147,0.149,0.151,0.152,0.153,0.155,0.156,0.157,0.158,0.158,0.16,0.159,0.16,0.16,0.16,0.16,0.16,0.16,0.159,0.16,0.158,0.157,0.156,0.155,0.154,0.152,0.151,0.15,0.148,0.147,0.145,0.143,0.141,0.139,0.137,0.135,0.133,0.131,0.128,0.126,0.124,0.121,0.119,0.116,0.113,0.111,0.108,0.105,0.103,0.1,0.097,0.094,0.092,0.089,0.086,0.083,0.08,0.078,0.075,0.072,0.069,0.066,0.063,0.061,0.058,0.055,0.053,0.05,0.047,0.045,0.042,0.04,0.037,0.035,0.033,0.03,0.028,0.026,0.024,0.022,0.02,0.018,0.016,0.014,0.013,0.011,0.01,0.008,0.007,0.006,0.005,0.004,0.003,0,0.002,0.001,0,0,0,0
PARAM_Arm R hand=0,0,0,0,0.001,0,0.003,0.004,0.005,0.006,0.007,0.009,0.01,0.012,0.013,0.015,0.017,0.019,0.021,0.023,0.026,0.028,0.03,0.033,0.035,0.038,0.041,0.043,0.046,0.049,0.052,0.055,0.057,0.06,0.063,0.066,0.069,0.072,0.075,0.078,0.081,0.084,0.087,0.09,0.093,0.096,0.099,0.102,0.105,0.107,0.11,0.113,0.116,0.118,0.121,0.124,0.126,0.129,0.131,0.133,0.136,0.138,0.14,0.142,0.144,0.146,0.147,0.149,0.151,0.152,0.153,0.155,0.156,0.157,0.158,0.158,0.16,0.159,0.16,0.16,0.16,0.16,0.16,0.16,0.159,0.16,0.158,0.157,0.156,0.155,0.154,0.152,0.151,0.15,0.148,0.147,0.145,0.143,0.141,0.139,0.137,0.135,0.133,0.131,0.128,0.126,0.124,0.121,0.119,0.116,0.113,0.111,0.108,0.105,0.103,0.1,0.097,0.094,0.092,0.089,0.086,0.083,0.08,0.078,0.075,0.072,0.069,0.066,0.063,0.061,0.058,0.055,0.053,0.05,0.047,0.045,0.042,0.04,0.037,0.035,0.033,0.03,0.028,0.026,0.024,0.022,0.02,0.018,0.016,0.014,0.013,0.011,0.01,0.008,0.007,0.006,0.005,0.004,0.003,0,0.002,0.001,0,0,0,0,0,0,0,0.001,0,0.003,0.004,0.005,0.006,0.007,0.009,0.01,0.012,0.013,0.015,0.017,0.019,0.021,0.023,0.026,0.028,0.03,0.033,0.035,0.038,0.041,0.043,0.046,0.049,0.052,0.055,0.057,0.06,0.063,0.066,0.069,0.072,0.075,0.078,0.081,0.084,0.087,0.09,0.093,0.096,0.099,0.102,0.105,0.107,0.11,0.113,0.116,0.118,0.121,0.124,0.126,0.129,0.131,0.133,0.136,0.138,0.14,0.142,0.144,0.146,0.147,0.149,0.151,0.152,0.153,0.155,0.156,0.157,0.158,0.158,0.16,0.159,0.16,0.16,0.16,0.16,0.16,0.16,0.159,0.16,0.158,0.157,0.156,0.155,0.154,0.152,0.151,0.15,0.148,0.147,0.145,0.143,0.141,0.139,0.137,0.135,0.133,0.131,0.128,0.126,0.124,0.121,0.119,0.116,0.113,0.111,0.108,0.105,0.103,0.1,0.097,0.094,0.092,0.089,0.086,0.083,0.08,0.078,0.075,0.072,0.069,0.066,0.063,0.061,0.058,0.055,0.053,0.05,0.047,0.045,0.042,0.04,0.037,0.035,0.033,0.03,0.028,0.026,0.024,0.022,0.02,0.018,0.016,0.014,0.013,0.011,0.01,0.008,0.007,0.006,0.005,0.004,0.003,0,0.002,0.001,0,0,0,0
PARAM_Hair Twist L=0
PARAM_Hair Twist R=0
PARAM_Hairfront_vive=0
PARAM_Hand L1=0
PARAM_Hand L2=0
PARAM_Hand L3=1
PARAM_HL4=0
PARAM_HL5=0
PARAM_HL6=0
PARAM_HL7=0
PARAM_Hand_L8=0
PARAM_Hand_L9=0
PARAM_Hand R1=0
PARAM_Hand R2=0
PARAM_Hand R3=1
PARAM_HR4=0
PARAM_HR5=0
PARAM_HR6=0
PARAM_HR7=0
PARAM_Hand_R8=0
PARAM_Hand_R9=0
PARAM_moveX=0
PARAM_moveY=0
PARAM_bodyS=0
PARAM_shangxia=0
PARAM_eyeFX=0
PARAM_deng_moveX=0
PARAM_deng_moveY=0
PARAM_deng_moveZ=0
PARAM_deng_qiehuan=0
PARAM_dengguang=0
PARAM_arm_LFX=0
PARAM_ear_FX=0
PARAM_hand_FX=0
PARAM_face_FX=0
PARAM_beixin_FX=0
PARAM_dengguang_FX=0
PARAM_handFX_move=0
PARAM_handFX_moveY=0
PARAM_handFX_moveZ=0
PARAM_ALL_moveZ=0
PARAM_kaideng=0
PARAM_dengxianshi=1
PARAM_wall_FX=0
PARAM_wall_X=0
PARAM_wall_Y=0