# Live2D Animator Motion Data
$fps=30

PARAM_ANGLE_X=0,-0.1,-0.37,-0.78,-1.3,-1.88,-2.5,-3.12,-3.7,-4.22,-4.63,-4.9,-5,-4.8,-4.26,-3.44,-2.4,-1.25,0,1.25,2.4,3.44,4.26,4.8,5,4.8,4.26,3.44,2.4,1.25,0,-1.25,-2.4,-3.44,-4.26,-4.8,-5,-4.68,-3.87,-2.78,-1.5,-0.18,1.13,2.37,3.42,4.26,4.8,5,4.66,3.75,2.45,0.96,-0.58,-2.03,-3.26,-4.2,-4.79,-5,-4.8,-4.26,-3.44,-2.4,-1.25,0,1.25,2.4,3.44,4.26,4.8,5,4.66,3.75,2.45,0.96,-0.58,-2.03,-3.26,-4.2,-4.79,-5,-4.8,-4.26,-3.44,-2.4,-1.25,0,1.25,2.4,3.44,4.26,4.8,5,4.66,3.75,2.45,0.96,-0.58,-2.03,-3.26,-4.2,-4.79,-5,-4.8,-4.26,-3.46,-2.45,-1.33,-0.15,1.02,2.11,3.07,3.88,4.49,4.87,5,4.96,4.83,4.65,4.41,4.12,3.8,3.46,3.1,2.73,2.36,2,1.64,1.31,1,0.72,0.47,0.28,0.13,0.03,0,0,0,0,0,0,0,0,0,0,0,0,0,0,0,0
PARAM_ANGLE_Y=0,0.36,0.93,1.46,1.85,2,2,2.23,2.77,3.5,4.23,4.77,5,5,5,5,5,5,5,5,5,5,5,5,5,5,5,5,5,5,5,5,5,5,5,5,5,5,5,5,5,5,5,5,5,5,5,5,5,5,5,5,5,5,5,5,5,5,5,5,5,5,5,5,5,5,5,5,5,5,5,5,5,5,5,5,5,5,5,5,5,5,5,5,5,5,5,5,5,5,5,5,5,5,5,5,5,5,5,5,5,5,5,5,5,5,5,5,5,5,5,5,5,5,5,4.96,4.83,4.65,4.41,4.12,3.8,3.46,3.1,2.73,2.36,2,1.64,1.31,1,0.72,0.47,0.28,0.13,0.03,0,0,0,0,0,0,0,0,0,0,0,0,0,0,0,0
PARAM_ANGLE_Z=0,0.16,0.59,1.25,2.08,3,4,5,5.92,6.75,7.41,7.84,8,7.96,7.84,7.65,7.4,7.1,6.73,6.32,5.86,5.37,4.84,4.28,3.7,3.1,2.48,1.86,1.22,0.58,-0.06,-0.69,-1.31,-1.92,-2.52,-3.09,-3.64,-4.16,-4.65,-5.1,-5.51,-5.88,-6.21,-6.48,-6.7,-6.87,-6.97,-7,-6.96,-6.85,-6.67,-6.43,-6.13,-5.78,-5.38,-4.93,-4.45,-3.93,-3.37,-2.79,-2.19,-1.58,-0.95,-0.32,0.32,0.95,1.58,2.19,2.79,3.37,3.93,4.45,4.93,5.38,5.78,6.13,6.43,6.67,6.85,6.96,7,6.987,6.95,6.88,6.79,6.69,6.55,6.41,6.24,6.06,5.86,5.65,5.42,5.19,4.95,4.7,4.45,4.19,3.93,3.66,3.4,3.14,2.88,2.62,2.37,2.12,1.89,1.65,1.43,1.23,1.03,0.85,0.68,0.53,0.39,0.28,0.18,0.1,0.05,0.01,0,0,0,0,0,0,0,0,0,0,0,0,0,0,0,0,0,0,0,0,0,0,0,0,0,0,0,0,0,0
PARAM_BROW_L_Y=0
PARAM_BROW_R_Y=0
PARAM_BROW_L_X=0
PARAM_BROW_R_X=0
PARAM_eyebrow Change=0
PARAM_eyebrow2 Rotate=0
PARAM_EYE_L_OPEN=1,0.995,0.981,0.96,0.93,0.9,0.87,0.84,0.81,0.78,0.76,0.745,0.74,0.74,0.74,0.74,0.74,0.74,0.74,0.74,0.74,0.74,0.74,0.74,0.74,0.74,0.741,0.74,0.74,0.74,0.74,0.74,0.742,0.74,0.74,0.74,0.743,0.74,0.74,0.744,0.74,0.74,0.745,0.75,0.75,0.746,0.75,0.747,0.75,0.75,0.748,0.75,0.749,0.75,0.75,0.75,0.751,0.75,0.752,0.753,0.75,0.754,0.75,0.756,0.756,0.76,0.758,0.758,0.759,0.76,0.76,0.761,0.762,0.76,0.764,0.764,0.765,0.766,0.767,0.77,0.769,0.77,0.771,0.772,0.773,0.774,0.775,0.776,0.777,0.778,0.779,0.78,0.781,0.782,0.783,0.785,0.786,0.787,0.788,0.789,0.791,0.792,0.793,0.795,0.796,0.797,0.799,0.8,0.802,0.803,0.804,0.806,0.807,0.809,0.81,0.812,0.814,0.815,0.817,0.818,0.82,0.825,0.835,0.849,0.865,0.883,0.901,0.92,0.938,0.954,0.969,0.982,0.992,0.998,1,1,1,1,1,1,1,1,1,1,1,1,1,1,1,1
PARAM_EYE_R_OPEN=1,0.995,0.983,0.964,0.94,0.91,0.89,0.86,0.83,0.81,0.787,0.775,0.77,0.77,0.77,0.77,0.77,0.77,0.77,0.77,0.77,0.77,0.77,0.77,0.77,0.77,0.771,0.77,0.77,0.77,0.77,0.77,0.772,0.77,0.77,0.77,0.773,0.77,0.77,0.774,0.77,0.77,0.775,0.78,0.78,0.776,0.78,0.777,0.78,0.78,0.778,0.78,0.779,0.78,0.78,0.78,0.781,0.78,0.783,0.783,0.78,0.784,0.78,0.786,0.786,0.79,0.788,0.788,0.789,0.79,0.791,0.791,0.792,0.79,0.794,0.795,0.795,0.796,0.797,0.8,0.799,0.8,0.801,0.802,0.803,0.804,0.805,0.806,0.807,0.808,0.809,0.81,0.811,0.812,0.813,0.815,0.816,0.817,0.818,0.819,0.821,0.822,0.823,0.825,0.826,0.827,0.829,0.83,0.832,0.833,0.834,0.836,0.837,0.839,0.84,0.842,0.844,0.845,0.847,0.848,0.85,0.854,0.863,0.874,0.888,0.903,0.918,0.934,0.949,0.962,0.975,0.985,0.993,0.998,1,1,1,1,1,1,1,1,1,1,1,1,1,1,1,1
PARAM_Smile eye=1
PARAM_Angry eye=0
PARAM_EYE_BALL_X=0,0.003,0.01,0.022,0.036,0.053,0.07,0.087,0.104,0.118,0.13,0.137,0.14,0.133,0.113,0.08,0.04,0,-0.05,-0.09,-0.13,-0.17,-0.2,-0.223,-0.23,-0.222,-0.2,-0.16,-0.12,-0.07,-0.02,0.03,0.08,0.12,0.16,0.18,0.19,0.177,0.14,0.1,0.04,-0.01,-0.07,-0.12,-0.16,-0.2,-0.22,-0.23,-0.216,-0.18,-0.12,-0.06,0,0.07,0.12,0.16,0.18,0.19,0.182,0.16,0.12,0.08,0.03,-0.02,-0.07,-0.12,-0.16,-0.2,-0.22,-0.23,-0.216,-0.18,-0.12,-0.06,0,0.07,0.12,0.16,0.18,0.19,0.182,0.16,0.12,0.08,0.03,-0.02,-0.07,-0.12,-0.16,-0.2,-0.22,-0.23,-0.216,-0.18,-0.12,-0.06,0,0.07,0.12,0.16,0.18,0.19,0.181,0.16,0.12,0.07,0.02,-0.03,-0.09,-0.14,-0.18,-0.22,-0.25,-0.264,-0.27,-0.25,-0.2,-0.14,-0.07,-0.02,0,0,0,0,0,0,0,0,0,0,0,0,0,0,0,0,0,0,0,0,0,0,0,0,0,0,0,0,0,0
PARAM_EYE_BALL_Y=0,-0.003,-0.01,-0.02,-0.034,-0.049,-0.065,-0.081,-0.096,-0.11,-0.12,-0.127,-0.13,-0.128,-0.123,-0.116,-0.107,-0.096,-0.085,-0.074,-0.063,-0.054,-0.047,-0.042,-0.04,-0.04,-0.043,-0.046,-0.05,-0.055,-0.06,-0.065,-0.07,-0.074,-0.077,-0.079,-0.08,-0.079,-0.075,-0.071,-0.066,-0.061,-0.055,-0.051,-0.046,-0.043,-0.041,-0.04,-0.041,-0.045,-0.05,-0.056,-0.062,-0.068,-0.073,-0.077,-0.079,-0.08,-0.079,-0.077,-0.074,-0.07,-0.065,-0.06,-0.055,-0.05,-0.046,-0.043,-0.041,-0.04,-0.041,-0.045,-0.05,-0.056,-0.062,-0.068,-0.073,-0.077,-0.079,-0.08,-0.079,-0.077,-0.074,-0.07,-0.065,-0.06,-0.055,-0.05,-0.046,-0.043,-0.041,-0.04,-0.041,-0.045,-0.05,-0.056,-0.062,-0.068,-0.073,-0.077,-0.079,-0.08,-0.078,-0.071,-0.062,-0.049,-0.036,-0.022,-0.008,0.005,0.017,0.027,0.034,0.038,0.04,0.037,0.03,0.02,0.01,0.003,0,0,0,0,0,0,0,0,0,0,0,0,0,0,0,0,0,0,0,0,0,0,0,0,0,0,0,0,0,0
PARAM_MOUTH_FORM=0
PARAM_MOUTH_OPEN_Y=0,0.02,0.07,0.16,0.26,0.38,0.5,0.62,0.74,0.84,0.93,0.98,1,1,1,1,1,1,1,1,1,1,1,1,1,1,1,1,1,1,1,1,1,1,1,1,1,1,1,1,1,1,1,1,1,1,1,1,1,1,1,1,1,1,1,1,1,1,1,1,1,1,1,1,1,1,1,1,1,1,1,1,1,1,1,1,1,1,1,1,1,1,1,1,1,1,1,1,1,1,1,1,1,1,1,1,1,1,1,1,1,1,1,1,1,1,1,1,1,1,1,1,1,1,1,1,1,1,1,1,1,0.981,0.93,0.86,0.77,0.67,0.57,0.46,0.36,0.26,0.18,0.11,0.05,0.01,0,0,0,0,0,0,0,0,0,0,0,0,0,0,0,0
PARAM_Mouth=0,0.02,0.07,0.16,0.26,0.38,0.5,0.62,0.74,0.84,0.93,0.98,1,1,1,1,1,1,1,1,1,1,1,1,1,1,1,1,1,1,1,1,1,1,1,1,1,1,1,1,1,1,1,1,1,1,1,1,1,1,1,1,1,1,1,1,1,1,1,1,1,1,1,1,1,1,1,1,1,1,1,1,1,1,1,1,1,1,1,1,1,1,1,1,1,1,1,1,1,1,1,1,1,1,1,1,1,1,1,1,1,1,1,1,1,1,1,1,1,1,1,1,1,1,1,1,1,1,1,1,1,0.981,0.93,0.86,0.77,0.67,0.57,0.46,0.36,0.26,0.18,0.11,0.05,0.01,0,0,0,0,0,0,0,0,0,0,0,0,0,0,0,0
PARAM_Mouth Angle=0
PARAM_CHEEK=1
PARAM_BODY_ANGLE_X=0,0.04,0.15,0.31,0.52,0.75,1,1.25,1.48,1.69,1.85,1.96,2,1.9,1.63,1.22,0.7,0.12,-0.5,-1.12,-1.7,-2.22,-2.63,-2.9,-3,-2.88,-2.56,-2.06,-1.44,-0.75,0,0.75,1.44,2.06,2.56,2.88,3,2.81,2.32,1.67,0.9,0.11,-0.68,-1.42,-2.05,-2.55,-2.88,-3,-2.79,-2.25,-1.47,-0.58,0.35,1.22,1.95,2.52,2.87,3,2.88,2.56,2.06,1.44,0.75,0,-0.75,-1.44,-2.06,-2.56,-2.88,-3,-2.79,-2.25,-1.47,-0.58,0.35,1.22,1.95,2.52,2.87,3,2.88,2.56,2.06,1.44,0.75,0,-0.75,-1.44,-2.06,-2.56,-2.88,-3,-2.79,-2.25,-1.47,-0.58,0.35,1.22,1.95,2.52,2.87,3,2.95,2.8,2.57,2.25,1.86,1.4,0.88,0.31,-0.29,-0.94,-1.61,-2.3,-3,-3.72,-4.24,-4.62,-4.85,-4.97,-5,-4.9,-4.66,-4.29,-3.85,-3.35,-2.83,-2.3,-1.79,-1.31,-0.88,-0.53,-0.24,-0.06,0,0,0,0,0,0,0,0,0,0,0,0,0,0,0,0
PARAM_BODY_ANGLE_Z=0
PARAM_BREATH=0,0.013,0.05,0.1,0.17,0.25,0.33,0.41,0.49,0.56,0.61,0.65,0.66,0.66,0.66,0.66,0.66,0.66,0.66,0.66,0.66,0.66,0.66,0.66,0.66,0.66,0.66,0.66,0.66,0.66,0.66,0.66,0.66,0.66,0.66,0.66,0.66,0.66,0.66,0.66,0.66,0.66,0.66,0.66,0.66,0.66,0.66,0.66,0.66,0.66,0.66,0.66,0.66,0.66,0.66,0.66,0.66,0.66,0.66,0.66,0.66,0.66,0.66,0.66,0.66,0.66,0.66,0.66,0.66,0.66,0.66,0.66,0.66,0.66,0.66,0.66,0.66,0.66,0.66,0.66,0.66,0.66,0.66,0.66,0.66,0.66,0.66,0.66,0.66,0.66,0.66,0.66,0.66,0.66,0.66,0.66,0.66,0.66,0.66,0.66,0.66,0.66,0.66,0.66,0.66,0.66,0.66,0.66,0.66,0.66,0.66,0.66,0.66,0.66,0.66,0.66,0.66,0.66,0.66,0.66,0.66,0.647,0.61,0.57,0.51,0.44,0.37,0.3,0.24,0.17,0.12,0.07,0.03,0.01,0,0,0,0,0,0,0,0,0,0,0,0,0,0,0,0
PARAM_Bust Angle X=0
PARAM_Bust Angle Y=0
PARAM_Arm LT Angle=0.07,0.069,0.065,0.059,0.052,0.044,0.035,0.026,0.018,0.011,0.005,0.001,0,0,0,0,0,0,0,0,0,0,0,0,0,0,0,0,0,0,0,0,0,0,0,0,0,0,0,0,0,0,0,0,0,0,0,0,0,0,0,0,0,0,0,0,0,0,0,0,0,0,0,0,0,0,0,0,0,0,0,0,0,0,0,0,0,0,0,0,0,0,0,0,0,0,0,0,0,0,0,0,0,0,0,0,0,0,0,0,0,0,0,0,0,0,0,0,0,0,0,0,0,0,0,0,0,0,0,0,0,0.001,0.005,0.01,0.016,0.023,0.03,0.038,0.045,0.052,0.058,0.063,0.067,0.069,0.07,0.07,0.07,0.07,0.07,0.07,0.07,0.07,0.07,0.07,0.07,0.07,0.07,0.07,0.07,0.07
PARAM_Arm RT Angle=0.07,0.069,0.065,0.059,0.052,0.044,0.035,0.026,0.018,0.011,0.005,0.001,0,0,0,0,0,0,0,0,0,0,0,0,0,0,0,0,0,0,0,0,0,0,0,0,0,0,0,0,0,0,0,0,0,0,0,0,0,0,0,0,0,0,0,0,0,0,0,0,0,0,0,0,0,0,0,0,0,0,0,0,0,0,0,0,0,0,0,0,0,0,0,0,0,0,0,0,0,0,0,0,0,0,0,0,0,0,0,0,0,0,0,0,0,0,0,0,0,0,0,0,0,0,0,0,0,0,0,0,0,0.001,0.005,0.01,0.016,0.023,0.03,0.038,0.045,0.052,0.058,0.063,0.067,0.069,0.07,0.07,0.07,0.07,0.07,0.07,0.07,0.07,0.07,0.07,0.07,0.07,0.07,0.07,0.07,0.07
PARAM_Arm LB Agle=0,0.018,0.07,0.14,0.23,0.33,0.45,0.56,0.66,0.75,0.82,0.87,0.89,0.89,0.89,0.89,0.89,0.89,0.89,0.89,0.89,0.89,0.89,0.89,0.89,0.89,0.89,0.89,0.89,0.89,0.89,0.89,0.89,0.89,0.89,0.89,0.89,0.89,0.89,0.89,0.89,0.89,0.89,0.89,0.89,0.89,0.89,0.89,0.89,0.89,0.89,0.89,0.89,0.89,0.89,0.89,0.89,0.89,0.89,0.89,0.89,0.89,0.89,0.89,0.89,0.89,0.89,0.89,0.89,0.89,0.89,0.89,0.89,0.89,0.89,0.89,0.89,0.89,0.89,0.89,0.89,0.89,0.89,0.89,0.89,0.89,0.89,0.89,0.89,0.89,0.89,0.89,0.89,0.89,0.89,0.89,0.89,0.89,0.89,0.89,0.89,0.89,0.89,0.89,0.89,0.89,0.89,0.89,0.89,0.89,0.89,0.89,0.89,0.89,0.89,0.89,0.89,0.89,0.89,0.89,0.89,0.873,0.83,0.76,0.68,0.6,0.5,0.41,0.32,0.23,0.16,0.09,0.04,0.01,0,0,0,0,0,0,0,0,0,0,0,0,0,0,0,0
PARAM_Arm RB Agle=0,0.018,0.07,0.14,0.23,0.33,0.45,0.56,0.66,0.75,0.82,0.87,0.89,0.89,0.89,0.89,0.89,0.89,0.89,0.89,0.89,0.89,0.89,0.89,0.89,0.89,0.89,0.89,0.89,0.89,0.89,0.89,0.89,0.89,0.89,0.89,0.89,0.89,0.89,0.89,0.89,0.89,0.89,0.89,0.89,0.89,0.89,0.89,0.89,0.89,0.89,0.89,0.89,0.89,0.89,0.89,0.89,0.89,0.89,0.89,0.89,0.89,0.89,0.89,0.89,0.89,0.89,0.89,0.89,0.89,0.89,0.89,0.89,0.89,0.89,0.89,0.89,0.89,0.89,0.89,0.89,0.89,0.89,0.89,0.89,0.89,0.89,0.89,0.89,0.89,0.89,0.89,0.89,0.89,0.89,0.89,0.89,0.89,0.89,0.89,0.89,0.89,0.89,0.89,0.89,0.89,0.89,0.89,0.89,0.89,0.89,0.89,0.89,0.89,0.89,0.89,0.89,0.89,0.89,0.89,0.89,0.873,0.83,0.76,0.68,0.6,0.5,0.41,0.32,0.23,0.16,0.09,0.04,0.01,0,0,0,0,0,0,0,0,0,0,0,0,0,0,0,0
PARAM_Arm L hand=0
PARAM_Arm R hand=0
PARAM_Hair Twist L=0.4,0.4,0.4,0.4,0.4,0.4,0.4,0.4,0.4,0.4,0.4,0.4,0.4,0.4,0.4,0.4,0.4,0.4,0.4,0.4,0.4,0.4,0.4,0.4,0.4,0.4,0.4,0.4,0.4,0.4,0.4,0.4,0.4,0.4,0.4,0.4,0.4,0.4,0.4,0.4,0.4,0.4,0.4,0.4,0.4,0.4,0.4,0.4,0.4,0.4,0.4,0.4,0.4,0.4,0.4,0.4,0.4,0.4,0.4,0.4,0.4,0.4,0.4,0.4,0.4,0.4,0.4,0.4,0.4,0.4,0.4,0.4,0.4,0.4,0.4,0.4,0.4,0.4,0.4,0.4,0.4,0.4,0.4,0.4,0.4,0.4,0.4,0.4,0.4,0.4,0.4,0.4,0.4,0.4,0.4,0.4,0.4,0.4,0.4,0.4,0.4,0.4,0.4,0.4,0.4,0.4,0.4,0.4,0.4,0.4,0.4,0.4,0.4,0.4,0.4,0.4,0.4,0.4,0.4,0.4,0.4,0.4,0.4,0.4,0.4,0.4,0.4,0.4,0.4,0.4,0.4,0.4,0.4,0.4,0.4,0.4,0.4,0.4,0.4,0.4,0.4,0.4,0.4,0.4,0.4,0.4,0.4,0.4,0.4,0.4
PARAM_Hair Twist R=-0.6,-0.6,-0.6,-0.6,-0.6,-0.6,-0.6,-0.6,-0.6,-0.6,-0.6,-0.6,-0.6,-0.6,-0.6,-0.6,-0.6,-0.6,-0.6,-0.6,-0.6,-0.6,-0.6,-0.6,-0.6,-0.6,-0.6,-0.6,-0.6,-0.6,-0.6,-0.6,-0.6,-0.6,-0.6,-0.6,-0.6,-0.6,-0.6,-0.6,-0.6,-0.6,-0.6,-0.6,-0.6,-0.6,-0.6,-0.6,-0.6,-0.6,-0.6,-0.6,-0.6,-0.6,-0.6,-0.6,-0.6,-0.6,-0.6,-0.6,-0.6,-0.6,-0.6,-0.6,-0.6,-0.6,-0.6,-0.6,-0.6,-0.6,-0.6,-0.6,-0.6,-0.6,-0.6,-0.6,-0.6,-0.6,-0.6,-0.6,-0.6,-0.6,-0.6,-0.6,-0.6,-0.6,-0.6,-0.6,-0.6,-0.6,-0.6,-0.6,-0.6,-0.6,-0.6,-0.6,-0.6,-0.6,-0.6,-0.6,-0.6,-0.6,-0.6,-0.6,-0.6,-0.6,-0.6,-0.6,-0.6,-0.6,-0.6,-0.6,-0.6,-0.6,-0.6,-0.6,-0.6,-0.6,-0.6,-0.6,-0.6,-0.6,-0.6,-0.6,-0.6,-0.6,-0.6,-0.6,-0.6,-0.6,-0.6,-0.6,-0.6,-0.6,-0.6,-0.6,-0.6,-0.6,-0.6,-0.6,-0.6,-0.6,-0.6,-0.6,-0.6,-0.6,-0.6,-0.6,-0.6,-0.6
PARAM_Hairfront_vive=0,0.008,0.03,0.06,0.1,0.15,0.2,0.24,0.29,0.33,0.36,0.38,0.39,0.378,0.35,0.3,0.23,0.16,0.09,0.02,-0.05,-0.12,-0.17,-0.2,-0.21,-0.201,-0.18,-0.14,-0.09,-0.03,0.02,0.08,0.14,0.19,0.23,0.25,0.26,0.243,0.2,0.14,0.07,0,-0.07,-0.13,-0.19,-0.23,-0.26,-0.27,-0.25,-0.2,-0.12,-0.03,0.06,0.14,0.22,0.27,0.31,0.32,0.308,0.28,0.23,0.17,0.1,0.02,-0.05,-0.12,-0.18,-0.23,-0.26,-0.27,-0.25,-0.2,-0.12,-0.03,0.06,0.14,0.22,0.27,0.31,0.32,0.308,0.28,0.23,0.17,0.1,0.02,-0.05,-0.12,-0.18,-0.23,-0.26,-0.27,-0.25,-0.2,-0.12,-0.03,0.06,0.14,0.22,0.27,0.31,0.32,0.314,0.298,0.27,0.24,0.2,0.15,0.1,0.05,0,-0.05,-0.1,-0.15,-0.19,-0.23,-0.27,-0.29,-0.313,-0.326,-0.33,-0.324,-0.308,-0.28,-0.25,-0.21,-0.16,-0.12,-0.06,-0.01,0.04,0.1,0.14,0.19,0.23,0.26,0.29,0.304,0.31,0.3,0.28,0.24,0.2,0.16,0.12,0.08,0.05,0.02,0.006,0
PARAM_Hand L1=0
PARAM_Hand L2=0
PARAM_Hand L3=0
PARAM_HL4=1,1,1,1,0,0,0,0,0,0,0,0,0,0,0,0,0,0,0,0,0,0,0,0,0,0,0,0,0,0,0,0,0,0,0,0,0,0,0,0,0,0,0,0,0,0,0,0,0,0,0,0,0,0,0,0,0,0,0,0,0,0,0,0,0,0,0,0,0,0,0,0,0,0,0,0,0,0,0,0,0,0,0,0,0,0,0,0,0,0,0,0,0,0,0,0,0,0,0,0,0,0,0,0,0,0,0,0,0,0,0,0,0,0,0,0,0,0,0,0,0,0,0,0,0,1,1,1,1,1,1,1,1,1,1,1,1,1,1,1,1,1,1,1,1,1,1,1,1,1
PARAM_HL5=0
PARAM_HL6=0,0,0,0,1,1,1,1,1,1,1,1,1,1,1,1,1,1,1,1,1,1,1,1,1,1,1,1,1,1,1,1,1,1,1,1,1,1,1,1,1,1,1,1,1,1,1,1,1,1,1,1,1,1,1,1,1,1,1,1,1,1,1,1,1,1,1,1,1,1,1,1,1,1,1,1,1,1,1,1,1,1,1,1,1,1,1,1,1,1,1,1,1,1,1,1,1,1,1,1,1,1,1,1,1,1,1,1,1,1,1,1,1,1,1,1,1,1,1,1,1,1,1,1,1,0,0,0,0,0,0,0,0,0,0,0,0,0,0,0,0,0,0,0,0,0,0,0,0,0
PARAM_HL7=0
PARAM_Hand_L8=0
PARAM_Hand R1=0
PARAM_Hand R2=0
PARAM_Hand R3=0
PARAM_HR4=1,1,1,1,0,0,0,0,0,0,0,0,0,0,0,0,0,0,0,0,0,0,0,0,0,0,0,0,0,0,0,0,0,0,0,0,0,0,0,0,0,0,0,0,0,0,0,0,0,0,0,0,0,0,0,0,0,0,0,0,0,0,0,0,0,0,0,0,0,0,0,0,0,0,0,0,0,0,0,0,0,0,0,0,0,0,0,0,0,0,0,0,0,0,0,0,0,0,0,0,0,0,0,0,0,0,0,0,0,0,0,0,0,0,0,0,0,0,0,0,0,0,0,0,0,1,1,1,1,1,1,1,1,1,1,1,1,1,1,1,1,1,1,1,1,1,1,1,1,1
PARAM_HR5=0
PARAM_HR6=0,0,0,0,1,1,1,1,1,1,1,1,1,1,1,1,1,1,1,1,1,1,1,1,1,1,1,1,1,1,1,1,1,1,1,1,1,1,1,1,1,1,1,1,1,1,1,1,1,1,1,1,1,1,1,1,1,1,1,1,1,1,1,1,1,1,1,1,1,1,1,1,1,1,1,1,1,1,1,1,1,1,1,1,1,1,1,1,1,1,1,1,1,1,1,1,1,1,1,1,1,1,1,1,1,1,1,1,1,1,1,1,1,1,1,1,1,1,1,1,1,1,1,1,1,0,0,0,0,0,0,0,0,0,0,0,0,0,0,0,0,0,0,0,0,0,0,0,0,0
PARAM_HR7=0
PARAM_Hand_R8=0
PARAM_suprise=0
PARAM_mouth=1
PARAM_FXmouth=0
PARAM_shoutao=1,1,1,1,0,0,0,0,0,0,0,0,0,0,0,0,0,0,0,0,0,0,0,0,0,0,0,0,0,0,0,0,0,0,0,0,0,0,0,0,0,0,0,0,0,0,0,0,0,0,0,0,0,0,0,0,0,0,0,0,0,0,0,0,0,0,0,0,0,0,0,0,0,0,0,0,0,0,0,0,0,0,0,0,0,0,0,0,0,0,0,0,0,0,0,0,0,0,0,0,0,0,0,0,0,0,0,0,0,0,0,0,0,0,0,0,0,0,0,0,0,0,0,0,0,1,1,1,1,1,1,1,1,1,1,1,1,1,1,1,1,1,1,1,1,1,1,1,1,1
PARAM_shoutao2=0,0,0,0,1,1,1,1,1,1,1,1,1,1,1,1,1,1,1,1,1,1,1,1,1,1,1,1,1,1,1,1,1,1,1,1,1,1,1,1,1,1,1,1,1,1,1,1,1,1,1,1,1,1,1,1,1,1,1,1,1,1,1,1,1,1,1,1,1,1,1,1,1,1,1,1,1,1,1,1,1,1,1,1,1,1,1,1,1,1,1,1,1,1,1,1,1,1,1,1,1,1,1,1,1,1,1,1,1,1,1,1,1,1,1,1,1,1,1,1,1,1,1,1,1,0,0,0,0,0,0,0,0,0,0,0,0,0,0,0,0,0,0,0,0,0,0,0,0,0
PARAM_shoutao3=0
PARAM_moveX=0
PARAM_moveY=0
PARAM_bodyS=0
PARAM_ruyao=0
PARAM_shangxia=0,0.005,0.017,0.036,0.06,0.09,0.11,0.14,0.17,0.19,0.213,0.225,0.23,0.225,0.213,0.194,0.17,0.14,0.11,0.09,0.06,0.04,0.017,0.005,0,0.007,0.026,0.05,0.09,0.13,0.18,0.22,0.26,0.3,0.32,0.343,0.35,0.34,0.31,0.28,0.24,0.2,0.15,0.11,0.08,0.05,0.036,0.03,0.04,0.07,0.1,0.15,0.19,0.23,0.27,0.3,0.314,0.32,0.314,0.299,0.27,0.24,0.21,0.18,0.14,0.11,0.08,0.05,0.036,0.03,0.04,0.07,0.1,0.15,0.19,0.23,0.27,0.3,0.314,0.32,0.314,0.299,0.27,0.24,0.21,0.18,0.14,0.11,0.08,0.05,0.036,0.03,0.04,0.07,0.1,0.15,0.19,0.23,0.27,0.3,0.314,0.32,0.317,0.31,0.299,0.283,0.265,0.24,0.22,0.2,0.18,0.15,0.13,0.11,0.08,0.066,0.048,0.034,0.023,0.015,0.01,0.007,0.004,0.002,0.001,0,0,0,0,0,0,0,0,0,0,0,0,0,0,0,0,0,0,0,0,0,0,0,0,0
PARAM_Vzuoshou=0
PARAM_Vyoushou=0
PARAM_xingxing=0,1,1,1,1,1,1,1,1,1,1,1,1,1,1,1,1,1,1,1,1,1,1,1,1,1,1,1,1,1,1,1,1,1,1,1,1,1,1,1,1,1,1,1,1,1,1,1,1,1,1,1,1,1,1,1,1,1,1,1,1,1,1,1,1,1,1,1,1,1,1,1,1,1,1,1,1,1,1,1,1,1,1,1,1,1,1,1,1,1,1,1,1,1,1,1,1,1,1,1,1,1,1,1,1,1,1,1,1,1,1,1,1,1,1,1,1,1,1,1,1,0.93,0.75,0.53,0.32,0.15,0.04,0,0,0,0,0,0,0,0,0,0,0,0,0,0,0,0,0,0,0,0,0,0,0
PARAM_xingxingLScale=-0.51,-0.22,0.3,0.59,0.55,0.45,0.3,0.13,-0.05,-0.22,-0.37,-0.47,-0.51,-0.44,-0.28,-0.08,0.13,0.32,0.48,0.58,0.62,0.59,0.5,0.36,0.21,0.04,-0.13,-0.28,-0.39,-0.46,-0.49,-0.506,-0.513,-0.51,-0.512,-0.51,-0.31,0,0.3,0.51,0.59,0.56,0.48,0.37,0.24,0.09,-0.05,-0.18,-0.3,-0.39,-0.46,-0.51,-0.518,-0.513,-0.51,-0.31,0,0.3,0.51,0.59,0.575,0.53,0.47,0.39,0.3,0.19,0.09,-0.02,-0.12,-0.22,-0.31,-0.39,-0.46,-0.51,-0.52,-0.513,-0.51,-0.31,0,0.3,0.51,0.59,0.575,0.53,0.47,0.39,0.3,0.19,0.09,-0.02,-0.12,-0.22,-0.31,-0.39,-0.46,-0.51,-0.52,-0.513,-0.51,-0.31,0,0.3,0.51,0.59,0.576,0.54,0.48,0.41,0.33,0.24,0.15,0.05,-0.04,-0.13,-0.22,-0.3,-0.37,-0.43,-0.47,-0.5,-0.51,-0.43,-0.22,0.02,0.26,0.46,0.58,0.62,0.54,0.35,0.11,-0.12,-0.3,-0.42,-0.46,-0.46,-0.46,-0.46,-0.46,-0.46,-0.46,-0.46,-0.46,-0.46,-0.46,-0.46,-0.46,-0.46,-0.46,-0.46
PARAM_xingxingRScale=-0.51,-0.22,0.3,0.59,0.55,0.45,0.3,0.13,-0.05,-0.22,-0.37,-0.47,-0.51,-0.44,-0.28,-0.08,0.13,0.32,0.48,0.58,0.62,0.59,0.5,0.36,0.21,0.04,-0.13,-0.28,-0.39,-0.46,-0.49,-0.506,-0.513,-0.51,-0.512,-0.51,-0.31,0,0.3,0.51,0.59,0.56,0.48,0.37,0.24,0.09,-0.05,-0.18,-0.3,-0.39,-0.46,-0.51,-0.518,-0.513,-0.51,-0.31,0,0.3,0.51,0.59,0.575,0.53,0.47,0.39,0.3,0.19,0.09,-0.02,-0.12,-0.22,-0.31,-0.39,-0.46,-0.51,-0.52,-0.513,-0.51,-0.31,0,0.3,0.51,0.59,0.575,0.53,0.47,0.39,0.3,0.19,0.09,-0.02,-0.12,-0.22,-0.31,-0.39,-0.46,-0.51,-0.52,-0.513,-0.51,-0.31,0,0.3,0.51,0.59,0.576,0.54,0.48,0.41,0.33,0.24,0.15,0.05,-0.04,-0.13,-0.22,-0.3,-0.37,-0.43,-0.47,-0.5,-0.51,-0.43,-0.22,0.02,0.26,0.46,0.58,0.62,0.54,0.35,0.11,-0.12,-0.3,-0.42,-0.46,-0.46,-0.46,-0.46,-0.46,-0.46,-0.46,-0.46,-0.46,-0.46,-0.46,-0.46,-0.46,-0.46,-0.46,-0.46
PARAM_zuibaFX=0
VISIBLE:PARTS_01_FACE_001=1
VISIBLE:PARTS_01_EYE_001=1
VISIBLE:PARTS_01_EYE_BALL_001=1
VISIBLE:PARTS_01_BROW_001=1
VISIBLE:PARTS_01_MOUTH_001=1
VISIBLE:PARTS_01_NOSE_001=1
VISIBLE:PARTS_01_EAR_001=1
VISIBLE:PARTS_01_HAIR_FRONT_001=1
VISIBLE:PARTS_01_HAIR_SIDE_001=1
VISIBLE:PARTS_01_HAIR_BACK_001=1
VISIBLE:PARTS_01_NECK=0
VISIBLE:PARTS_01_BODY=1
VISIBLE:PARTS_01_SKETCH=0
VISIBLE:PARTS_FX=0