# Live2D Animator Motion Data
$fps=30

$fadein=1000

$fadeout=1000

PARAM_ANGLE_X=0,0,0,0,0,0,0,0,0,0,0,0,0,0,0,0,0,0,0,0,0,0,0,0,0,0,0,0,0,0,0,0,0,0,0,0,0,0,0,0,0,0,0,0,-0.13,-0.48,-1.03,-1.74,-2.56,-3.47,-4.4,-5.35,-6.28,-7.16,-7.95,-8.65,-9.22,-9.64,-9.91,-10,-10,-10,-10,-10,-10,-10,-10,-10,-10,-10,-10,-10,-10,-10,-10,-9.95,-9.82,-9.61,-9.32,-8.97,-8.55,-8.08,-7.55,-6.97,-6.37,-5.71,-5.02,-4.31,-3.58,-2.82,-2.05,-1.27,-0.5,0.29,1.08,1.85,2.61,3.35,4.08,4.78,5.46,6.11,6.72,7.29,7.81,8.29,8.73,9.1,9.41,9.66,9.85,9.96,10,9.998,9.992,9.98,9.964,9.94,9.91,9.88,9.83,9.78,9.72,9.65,9.58,9.49,9.39,9.28,9.16,9.03,8.88,8.73,8.55,8.37,8.17,7.96,7.73,7.48,7.22,6.94,6.64,6.33,6,5.59,5.15,4.68,4.21,3.73,3.25,2.78,2.33,1.9,1.5,1.14,0.82,0.54,0.31,0.14,0.04,0,0,0,0,0,0,0,0,0,0,0,0,0,0,0,0,0,0,0,0,0,0,0,0,0,0
PARAM_ANGLE_Y=0,0,0,0,0,0,0,0,0,0,0,-0.18,-0.7,-1.48,-2.49,-3.68,-5.03,-6.47,-7.97,-9.52,-11.08,-12.61,-14.09,-15.51,-16.8,-17.99,-19.01,-19.84,-20.46,-20.86,-21,-21,-21,-21,-21,-21,-21,-21,-21,-21,-21,-21,-21,-21,-21,-21,-21,-21,-21,-21,-21,-21,-21,-21,-21,-21,-21,-21,-21,-21,-21,-21,-21,-21,-21,-21,-21,-21,-21,-21,-21,-21,-21,-21,-21,-21,-21,-21,-21,-21,-21,-21,-21,-21,-21,-21,-21,-21,-21,-21,-21,-21,-21,-21,-21,-21,-21,-21,-21,-21,-21,-21,-21,-21,-21,-21,-21,-21,-21,-21,-21,-21,-21,-20.88,-20.54,-19.99,-19.25,-18.32,-17.25,-16.03,-14.69,-13.23,-11.68,-10.03,-8.33,-6.56,-4.79,-3,-1.21,0.56,2.33,4.03,5.68,7.23,8.69,10.03,11.25,12.32,13.25,13.99,14.54,14.88,15,14.81,14.31,13.53,12.57,11.46,10.25,8.96,7.68,6.36,5.12,3.94,2.86,1.9,1.12,0.52,0.13,0,0,0,0,0,0,0,0,0,0,0,0,0,0,0,0,0,0,0,0,0,0,0,0,0,0
PARAM_ANGLE_Z=0,0,0,0,0,0,0,0,0,0,0,0,0,0,0,0,0,0,0,0,0,0,0,0,0,0,0,0,0,0,0,0,0,0,0,0,0,0,0,0,0,0,0,0,-0.1,-0.39,-0.83,-1.39,-2.05,-2.78,-3.52,-4.28,-5.02,-5.73,-6.36,-6.92,-7.38,-7.72,-7.93,-8,-8,-8,-8,-8,-8,-8,-8,-8,-8,-8,-8,-8,-8,-8,-8,-7.96,-7.86,-7.69,-7.46,-7.18,-6.84,-6.47,-6.04,-5.58,-5.09,-4.57,-4.01,-3.45,-2.86,-2.26,-1.64,-1.02,-0.4,0.23,0.87,1.48,2.09,2.68,3.26,3.83,4.37,4.89,5.38,5.83,6.25,6.64,6.98,7.28,7.53,7.73,7.88,7.97,8,8,8,8,8,8,8,8,8,7.999,8,7.997,7.996,7.995,7.994,7.992,7.99,7.988,7.986,7.983,7.98,7.977,7.973,7.969,7.964,7.96,7.954,7.949,7.942,7.936,7.928,7.82,7.55,7.14,6.63,6.04,5.4,4.72,4.04,3.35,2.69,2.07,1.5,1,0.59,0.27,0.07,0,0,0,0,0,0,0,0,0,0,0,0,0,0,0,0,0,0,0,0,0,0,0,0,0,0
PARAM_BROW_L_Y=0
PARAM_BROW_R_Y=0
PARAM_BROW_L_X=0
PARAM_BROW_R_X=0
PARAM_eyebrow Change=0.5
PARAM_EYE_L_OPEN=1,1,1,1,1,1,1,1,1,1,1,1,1,1,1,1,1,1,1,1,1,1,1,1,1,1,1,1,1,1,1,1,1,1,1,1,1,1,1,1,1,0.74,0.26,0,0.26,0.74,1,1,1,1,1,1,1,1,1,1,1,1,1,1,1,1,1,1,1,1,0.74,0.26,0,0.26,0.74,1,1,1,1,1,1,1,1,1,1,1,0.74,0.26,0,0.26,0.74,1,1,1,1,1,1,1,1,1,1,1,1,1,1,1,1,1,1,1,0.74,0.26,0,0.26,0.74,1,1,1,1,1,1,1,1,1,1,1,1,1,1,1,1,1,1,1,1,1,1,1,1,1,1,1,1,1,1,1,1,1,1,1,1,1,1,1,1,1,1,1,1,1,1,1,1,1,1,1,1,1,1,1,1,1,1,1,1,1,1,1,1,1,1,1,1,1,1,1,1,1,1
PARAM_EYE_R_OPEN=1,1,1,1,1,1,1,1,1,1,1,1,1,1,1,1,1,1,1,1,1,1,1,1,1,1,1,1,1,1,1,1,1,1,1,1,1,1,1,1,1,0.74,0.26,0,0.26,0.74,1,1,1,1,1,1,1,1,1,1,1,1,1,1,1,1,1,1,1,1,0.74,0.26,0,0.26,0.74,1,1,1,1,1,1,1,1,1,1,1,0.74,0.26,0,0.26,0.74,1,1,1,1,1,1,1,1,1,1,1,1,1,1,1,1,1,1,1,0.74,0.26,0,0.26,0.74,1,1,1,1,1,1,1,1,1,1,1,1,1,1,1,1,1,1,1,1,1,1,1,1,1,1,1,1,1,1,1,1,1,1,1,1,1,1,1,1,1,1,1,1,1,1,1,1,1,1,1,1,1,1,1,1,1,1,1,1,1,1,1,1,1,1,1,1,1,1,1,1,1,1
PARAM_Smile eye=0
PARAM_Angry eye=0,0,0,0,0,0,0,0,0,0,0,0.009,0.03,0.07,0.12,0.18,0.24,0.31,0.38,0.45,0.53,0.6,0.67,0.74,0.8,0.86,0.91,0.94,0.97,0.993,1,1,1,1,1,1,1,1,1,1,1,1,1,1,1,1,1,1,1,1,1,1,1,1,1,1,1,1,1,1,1,1,1,1,1,1,1,1,1,1,1,1,1,1,1,1,1,1,1,1,1,1,1,1,1,1,1,1,1,1,1,1,1,1,1,1,1,1,1,1,1,1,1,1,1,1,1,1,1,1,1,1,1,1,1,1,1,1,1,1,1,1,1,1,1,1,1,1,0.999,1,1,0.998,1,1,0.997,1,0.996,0.995,0.99,0.994,0.993,0.992,0.99,0.978,0.94,0.89,0.83,0.76,0.68,0.59,0.51,0.42,0.34,0.26,0.19,0.12,0.07,0.03,0.01,0,0,0,0,0,0,0,0,0,0,0,0,0,0,0,0,0,0,0,0,0,0,0,0,0,0
PARAM_EYE_BALL_X=0,0,0,0,0,0,0,0,0,0,0,0,0,0,0,0,0,0,0,0,0,0,0,0,0,0,0,0,0,0,0,0,0,0,0,0,0,0,0,0,0,0,0,0,0,0,0,0,0,0,0,0,0,0,0,0,0,0,0,0,0,0,0,0,0,0,0,0,0,-0.04,-0.12,-0.22,-0.32,-0.42,-0.5,-0.55,-0.57,-0.57,-0.57,-0.57,-0.57,-0.57,-0.57,-0.57,-0.57,-0.55,-0.49,-0.39,-0.28,-0.14,0,0.21,0.36,0.47,0.54,0.57,0.573,0.575,0.577,0.578,0.579,0.58,0.58,0.58,0.58,0.58,0.58,0.58,0.58,0.58,0.58,0.58,0.58,0.58,0.58,0.58,0.58,0.58,0.58,0.58,0.58,0.58,0.58,0.58,0.58,0.58,0.58,0.58,0.58,0.58,0.579,0.58,0.58,0.58,0.58,0.578,0.58,0.58,0.577,0.58,0.576,0.58,0.575,0.567,0.547,0.52,0.48,0.44,0.39,0.34,0.29,0.24,0.2,0.15,0.11,0.07,0.04,0.02,0.005,0,0,0,0,0,0,0,0,0,0,0,0,0,0,0,0,0,0,0,0,0,0,0,0,0,0
PARAM_EYE_BALL_Y=0,0,0,0,0,0,0,0,0,0,0,0,0,0,0,0,0,0,0,0,0,0,0,0,0,0,0,0,0,0,0,0,0,0,0,0,0,0,0,0,0,0,0,0,0,0,0,0,0,0,0,0,0,0,0,0,0,0,0,0,0,0,0,0,0,0,0,0,0,0.05,0.16,0.29,0.43,0.55,0.66,0.72,0.75,0.75,0.75,0.75,0.75,0.75,0.75,0.75,0.75,0.71,0.62,0.5,0.38,0.29,0.25,0.35,0.5,0.65,0.75,0.79,0.76,0.69,0.58,0.46,0.33,0.21,0.1,0.03,0,0,0,0,0,0,0,0,0,0,0,0,0,0,0,0,0,0,0,0,0,0,0,0,0,0,0,0,0,0,0,0,0,0,0,0,0,0,0,0,0,0,0,0,0,0,0,0,0,0,0,0,0,0,0,0,0,0,0,0,0,0,0,0,0,0,0,0,0,0,0,0,0,0,0,0,0,0,0,0,0
PARAM_MOUTH_FORM=0,0,0,0,0,0,0,0,0,0,0,0.009,0.03,0.07,0.12,0.18,0.24,0.31,0.38,0.45,0.53,0.6,0.67,0.74,0.8,0.86,0.91,0.94,0.97,0.993,1,1,1,1,1,1,1,1,1,1,1,1,1,1,1,1,1,1,1,1,1,1,1,1,1,1,1,1,1,1,1,1,1,1,1,1,1,1,1,1,1,1,1,1,1,1,1,1,1,1,1,1,1,1,1,1,1,1,1,1,1,1,1,1,1,1,1,1,1,1,1,1,1,1,1,1,1,1,1,1,1,1,1,1,1,1,1,1,1,1,1,1,1,1,1,1,1,1,0.999,1,1,0.998,1,1,0.997,1,0.996,0.995,0.99,0.994,0.993,0.992,0.99,0.978,0.94,0.89,0.83,0.76,0.68,0.59,0.51,0.42,0.34,0.26,0.19,0.12,0.07,0.03,0.01,0,0,0,0,0,0,0,0,0,0,0,0,0,0,0,0,0,0,0,0,0,0,0,0,0,0
PARAM_MOUTH_OPEN_Y=0
PARAM_Mouth=0
PARAM_Mouth Angle=0
PARAM_CHEEK=1
PARAM_BODY_ANGLE_X=0
PARAM_BODY_ANGLE_Z=0
PARAM_BREATH=0,0.005,0.019,0.04,0.06,0.09,0.12,0.14,0.16,0.184,0.2,0.216,0.231,0.247,0.262,0.277,0.291,0.305,0.318,0.332,0.344,0.357,0.37,0.382,0.393,0.405,0.416,0.427,0.437,0.447,0.458,0.467,0.476,0.485,0.494,0.503,0.511,0.519,0.527,0.534,0.541,0.548,0.554,0.561,0.567,0.573,0.578,0.583,0.588,0.593,0.598,0.602,0.606,0.61,0.613,0.617,0.62,0.623,0.625,0.628,0.63,0.632,0.634,0.635,0.636,0.637,0.638,0.639,0.64,0.64,0.64,0.64,0.64,0.64,0.638,0.638,0.636,0.635,0.634,0.632,0.63,0.628,0.626,0.623,0.621,0.618,0.615,0.612,0.608,0.604,0.601,0.596,0.592,0.588,0.583,0.578,0.573,0.568,0.563,0.557,0.551,0.545,0.539,0.532,0.526,0.519,0.512,0.505,0.497,0.49,0.482,0.474,0.466,0.457,0.448,0.44,0.431,0.421,0.412,0.402,0.392,0.382,0.372,0.362,0.351,0.34,0.329,0.318,0.306,0.295,0.283,0.271,0.259,0.246,0.233,0.221,0.207,0.194,0.181,0.167,0.153,0.139,0.125,0.109,0.095,0.082,0.07,0.059,0.05,0.041,0.033,0.026,0.02,0.014,0.01,0.006,0.004,0.002,0,0,0.007,0.021,0.038,0.057,0.073,0.087,0.097,0.1,0.097,0.087,0.074,0.058,0.042,0.026,0.013,0.003,0,0,0,0,0,0,0,0,0
PARAM_Bust Angle X=0
PARAM_Bust Angle Y=0
PARAM_Arm LT Angle=-5,-4.83,-4.38,-3.73,-2.98,-2.21,-1.49,-0.87,-0.4,-0.1,0,0,0,0,0,0,0,0,0,0,0,0,0,0,0,0,0,0,0,0,0,0,0,0,0,0,0,0,0,0,0,0,0,0,0,0,0,0,0,0,0,0,0,0,0,0,0,0,0,0,0,0,0,0,0,0,0,0,0,0,0,0,0,0,0,0,0,0,0,0,0,0,0,0,0,0,0,0,0,0,0,0,0,0,0,0,0,0,0,0,0,0,0,0,0,0,0,0,0,0,0,0,0,0,0,0,0,0,0,0,0,0,0,0,0,0,0,0,0,0,0,0,0,0,0,0,0,0,0,0,0,0,0,0,0,0,0,0,0,0,0,0,0,0,0,0,0,0,0,0,0,0,0,0,0,0,0,0,-0.17,-0.63,-1.3,-2.09,-2.91,-3.7,-4.37,-4.83,-5,-5,-5,-5,-5,-5,-5,-5,-5
PARAM_Arm RT Angle=-5,-4.83,-4.38,-3.73,-2.98,-2.21,-1.49,-0.87,-0.4,-0.1,0,0,0,0,0,0,0,0,0,0,0,0,0,0,0,0,0,0,0,0,0,0,0,0,0,0,0,0,0,0,0,0,0,0,0,0,0,0,0,0,0,0,0,0,0,0,0,0,0,0,0,0,0,0,0,0,0,0,0,0,0,0,0,0,0,0,0,0,0,0,0,0,0,0,0,0,0,0,0,0,0,0,0,0,0,0,0,0,0,0,0,0,0,0,0,0,0,0,0,0,0,0,0,0,0,0,0,0,0,0,0,0,0,0,0,0,0,0,0,0,0,0,0,0,0,0,0,0,0,0,0,0,0,0,0,0,0,0,0,0,0,0,0,0,0,0,0,0,0,0,0,0,0,0,0,0,0,0,-0.17,-0.63,-1.3,-2.09,-2.91,-3.7,-4.37,-4.83,-5,-5,-5,-5,-5,-5,-5,-5,-5
PARAM_Arm LB Agle=-1,-0.98,-0.91,-0.82,-0.7,-0.58,-0.44,-0.32,-0.2,-0.09,0,0.1,0.2,0.28,0.36,0.43,0.49,0.54,0.59,0.63,0.66,0.69,0.72,0.74,0.757,0.772,0.783,0.791,0.796,0.799,0.8,0.8,0.8,0.8,0.8,0.8,0.8,0.8,0.8,0.8,0.8,0.8,0.8,0.8,0.8,0.8,0.8,0.8,0.8,0.8,0.8,0.8,0.8,0.8,0.8,0.8,0.8,0.8,0.8,0.8,0.8,0.8,0.8,0.8,0.8,0.8,0.8,0.8,0.8,0.8,0.8,0.8,0.8,0.8,0.8,0.8,0.8,0.8,0.8,0.8,0.8,0.8,0.8,0.8,0.8,0.8,0.8,0.8,0.8,0.8,0.8,0.8,0.8,0.8,0.8,0.8,0.8,0.8,0.8,0.8,0.8,0.8,0.8,0.8,0.8,0.8,0.8,0.8,0.8,0.8,0.8,0.8,0.8,0.8,0.8,0.8,0.8,0.799,0.798,0.797,0.795,0.794,0.792,0.789,0.786,0.783,0.779,0.774,0.77,0.764,0.758,0.751,0.743,0.735,0.726,0.716,0.705,0.693,0.68,0.667,0.652,0.637,0.62,0.6,0.56,0.52,0.48,0.43,0.38,0.33,0.28,0.23,0.18,0.14,0.1,0.07,0.04,0.02,0.005,0,0,0,0,0,0,0,0,0,-0.03,-0.13,-0.26,-0.42,-0.58,-0.74,-0.87,-0.97,-1,-1,-1,-1,-1,-1,-1,-1,-1
PARAM_Arm RB Agle=-1,-0.97,-0.9,-0.79,-0.67,-0.53,-0.39,-0.27,-0.16,-0.07,0,0.07,0.13,0.18,0.23,0.27,0.31,0.34,0.37,0.4,0.416,0.433,0.448,0.46,0.469,0.476,0.482,0.486,0.488,0.49,0.49,0.49,0.49,0.49,0.49,0.49,0.49,0.49,0.49,0.49,0.49,0.49,0.49,0.49,0.49,0.49,0.49,0.49,0.49,0.49,0.49,0.49,0.49,0.49,0.49,0.49,0.49,0.49,0.49,0.49,0.49,0.49,0.49,0.49,0.49,0.49,0.49,0.49,0.49,0.49,0.49,0.49,0.49,0.49,0.49,0.49,0.49,0.49,0.49,0.49,0.49,0.49,0.49,0.49,0.49,0.49,0.49,0.49,0.49,0.49,0.49,0.49,0.49,0.49,0.49,0.49,0.49,0.49,0.49,0.49,0.49,0.49,0.49,0.49,0.49,0.49,0.49,0.49,0.49,0.49,0.49,0.49,0.49,0.49,0.49,0.49,0.49,0.49,0.49,0.489,0.49,0.488,0.487,0.486,0.484,0.483,0.481,0.479,0.477,0.475,0.472,0.469,0.466,0.462,0.458,0.453,0.449,0.443,0.438,0.431,0.425,0.418,0.41,0.397,0.378,0.35,0.32,0.29,0.26,0.23,0.19,0.16,0.13,0.1,0.07,0.05,0.027,0.013,0.003,0,0,0,0,0,0,0,0,0,-0.03,-0.13,-0.26,-0.42,-0.58,-0.74,-0.87,-0.97,-1,-1,-1,-1,-1,-1,-1,-1,-1
PARAM_Arm L hand=0
PARAM_Arm R hand=0
PARAM_Hair Twist L=0
PARAM_Hair Twist R=0
PARAM_Hairfront_vive=0,0,0,0,0,0,0,0,0,0,0,0,0,0,0,0,0,0,0,0,0,0,0,0,0,0,0,0,0,0,0,0,0,0,0,0,0,0,0,0,0,0,0,0,0,0,0,-0.004,-0.016,-0.034,-0.06,-0.09,-0.13,-0.17,-0.21,-0.26,-0.31,-0.36,-0.41,-0.47,-0.52,-0.57,-0.63,-0.68,-0.73,-0.77,-0.82,-0.86,-0.89,-0.92,-0.95,-0.97,-0.987,-0.997,-1,-0.999,-0.998,-0.995,-0.991,-0.986,-0.979,-0.972,-0.963,-0.953,-0.942,-0.929,-0.915,-0.899,-0.883,-0.864,-0.845,-0.82,-0.8,-0.78,-0.75,-0.72,-0.7,-0.67,-0.63,-0.6,-0.56,-0.53,-0.49,-0.45,-0.41,-0.36,-0.32,-0.27,-0.22,-0.17,-0.11,-0.06,0,0.12,0.31,0.53,0.72,0.87,0.97,1,0.994,0.975,0.95,0.91,0.86,0.81,0.76,0.7,0.64,0.57,0.51,0.44,0.38,0.32,0.26,0.21,0.16,0.11,0.07,0.04,0.02,0.005,0,0,0,0,0,0,0,0,0,0,0,0,0,0,0,0,0,0,0,0,0,0,0,0,0,0,0,0,0,0,0,0,0,0,0,0,0,0,0,0,0,0,0
PARAM_Hand L1=0,0,0,0,0,0,0,0,0,0,0,0,0,0,0,0,0,0,0,0,1,1,1,1,1,1,1,1,1,1,1,1,1,1,1,1,1,1,1,1,1,1,1,1,1,1,1,1,1,1,1,1,1,1,1,1,1,1,1,1,1,1,1,1,1,1,1,1,1,1,1,1,1,1,1,1,1,1,1,1,1,1,1,1,1,1,1,1,1,1,1,1,1,1,1,1,1,1,1,1,1,1,1,1,1,1,1,1,1,1,1,1,1,1,1,1,1,1,1,1,1,1,1,1,1,1,1,1,1,1,1,1,1,1,1,1,1,1,1,1,1,1,1,1,1,1,1,1,1,1,1,1,1,1,0,0,0,0,0,0,0,0,0,0,0,0,0,0,0,0,0,0,0,0,0,0,0,0,0,0,0,0,0,0,0
PARAM_Hand L2=0
PARAM_Hand L3=0
PARAM_HL4=0
PARAM_Hand_L5=0
PARAM_Hand_L8=1,1,1,1,1,1,1,1,1,1,1,1,1,1,1,1,1,1,1,1,0,0,0,0,0,0,0,0,0,0,0,0,0,0,0,0,0,0,0,0,0,0,0,0,0,0,0,0,0,0,0,0,0,0,0,0,0,0,0,0,0,0,0,0,0,0,0,0,0,0,0,0,0,0,0,0,0,0,0,0,0,0,0,0,0,0,0,0,0,0,0,0,0,0,0,0,0,0,0,0,0,0,0,0,0,0,0,0,0,0,0,0,0,0,0,0,0,0,0,0,0,0,0,0,0,0,0,0,0,0,0,0,0,0,0,0,0,0,0,0,0,0,0,0,0,0,0,0,0,0,0,0,0,0,1,1,1,1,1,1,1,1,1,1,1,1,1,1,1,1,1,1,1,1,1,1,1,1,1,1,1,1,1,1,1
PARAM_Hand R1=0
PARAM_Hand R2=0
PARAM_Hand R3=0,0,0,0,0,0,0,0,0,0,0,0,0,0,0,1,1,1,1,1,1,1,1,1,1,1,1,1,1,1,1,1,1,1,1,1,1,1,1,1,1,1,1,1,1,1,1,1,1,1,1,1,1,1,1,1,1,1,1,1,1,1,1,1,1,1,1,1,1,1,1,1,1,1,1,1,1,1,1,1,1,1,1,1,1,1,1,1,1,1,1,1,1,1,1,1,1,1,1,1,1,1,1,1,1,1,1,1,1,1,1,1,1,1,1,1,1,1,1,1,1,1,1,1,1,1,1,1,1,1,1,1,1,1,1,1,1,1,1,1,1,1,1,1,1,1,1,1,1,1,1,0,0,0,0,0,0,0,0,0,0,0,0,0,0,0,0,0,0,0,0,0,0,0,0,0,0,0,0,0,0,0,0,0,0
PARAM_Hand_R8=1,1,1,1,1,1,1,1,1,1,1,1,1,1,1,0,0,0,0,0,0,0,0,0,0,0,0,0,0,0,0,0,0,0,0,0,0,0,0,0,0,0,0,0,0,0,0,0,0,0,0,0,0,0,0,0,0,0,0,0,0,0,0,0,0,0,0,0,0,0,0,0,0,0,0,0,0,0,0,0,0,0,0,0,0,0,0,0,0,0,0,0,0,0,0,0,0,0,0,0,0,0,0,0,0,0,0,0,0,0,0,0,0,0,0,0,0,0,0,0,0,0,0,0,0,0,0,0,0,0,0,0,0,0,0,0,0,0,0,0,0,0,0,0,0,0,0,0,0,0,0,1,1,1,1,1,1,1,1,1,1,1,1,1,1,1,1,1,1,1,1,1,1,1,1,1,1,1,1,1,1,1,1,1,1
PARAM_suprise=0
PARAM_mouth=1
PARAM_moveX=0
PARAM_moveY=0
PARAM_bodyS=0
PARAM_ruyao=0
PARAM_jingli=0
PARAM_armFX=0
PARAM_arm=1