# Live2D Animator Motion Data
$fps=30

PARAM_ANGLE_X=0,5.09,7,6.76,6.12,5.13,3.88,2.5,1,-0.5,-1.88,-3.13,-4.12,-4.76,-5,-4.11,-2.68,-1.34,-0.38,0,-0.89,-2.32,-3.66,-4.62,-5,-4.03,-1.56,2,5.04,6.56,7,6.59,5.5,3.94,2.15,0.3,-1.43,-2.91,-4.04,-4.75,-5,-3.31,-0.53,1.38,2,0.75,-1.25,-3.12,-4.47,-5,-3.57,-1.28,0.86,2.4,3,1.79,-0.19,-1.56,-2,-1.87,-1.59,-1.23,-0.87,-0.53,-0.25,-0.07,0,0,0,0,0,0,0,0,0,0,0,0,0,0,0,0,0
PARAM_ANGLE_Y=0,0.44,1.58,3.25,5.31,7.59,9.99,12.41,14.76,16.96,18.94,20.58,21.88,22.71,23,22.72,22,20.2,18.78,17.61,16.67,15.95,15.42,15.11,15,17.1,20.9,23,19.06,11.94,8,8.06,8.23,8.56,9.03,9.66,10.44,11.37,12.44,13.65,15,17.93,20.77,22.48,23,22.39,21.12,19.44,17.4,15,11.08,8.22,5.6,2.93,0,-4.87,-8.49,-10.43,-11,-10.28,-8.72,-6.78,-4.76,-2.92,-1.39,-0.38,0,0,0,0,0,0,0,0,0,0,0,0,0,0,0,0,0
PARAM_ANGLE_Z=0,7.27,10,9.93,9.69,9.28,8.67,7.86,6.8,5.48,3.89,2,-0.02,-1.87,-3.53,-4.84,-5.69,-6,-5.19,-3.22,-0.82,1.52,3.4,4.6,5,4.59,3.48,1.88,-0.02,-1.98,-3.88,-5.48,-6.59,-7,-6.12,-3.97,-1.35,1.2,3.26,4.56,5,5,5,5,5,5,5,5,5,5,4.11,2.68,1.34,0.38,0,0,0,0,0,0,0,0,0,0,0,0,0,0,0,0,0,0,0,0,0,0,0,0,0,0,0,0,0
PARAM_BROW_L_Y=0
PARAM_BROW_R_Y=0
PARAM_BROW_L_X=0,0,0,0,0,0,0,0,0,0,0,0,0,0,0,0,0,0,0,0,0,0,0,0,0,0.002,0.008,0.016,0.025,0.035,0.044,0.052,0.058,0.06,0.056,0.045,0.032,0.019,0.009,0.002,0,0,0,0,0,0,0,0,0,0,0,0,0,0,0,0,0,0,0,0,0,0,0,0,0,0,0,0,0,0,0,0,0,0,0,0,0,0,0,0,0,0,0
PARAM_BROW_R_X=0
PARAM_eyebrow Change=0
PARAM_eyebrow2 Rotate=0,0.009,0.03,0.07,0.1,0.15,0.18,0.22,0.24,0.25,0.248,0.241,0.23,0.217,0.201,0.184,0.166,0.148,0.131,0.114,0.099,0.086,0.075,0.067,0.062,0.06,0.09,0.15,0.24,0.32,0.38,0.41,0.39,0.34,0.27,0.2,0.15,0.12,0.11,0.1,0.091,0.083,0.075,0.068,0.061,0.054,0.048,0.043,0.038,0.033,0.029,0.025,0.021,0.018,0.015,0.012,0.01,0.008,0.006,0.005,0.003,0.002,0.001,0.001,0,0,0,0,0,0,0,0,0,0,0,0,0,0,0,0,0,0,0
PARAM_EYE_L_OPEN=1,0.76,0.36,0.09,0,0,0,0,0,0,0,0,0,0,0,0,0,0,0,0,0,0,0,0,0,0,0,0,0,0,0,0.003,0.005,0.007,0.009,0.01,0.01,0.008,0.004,0.001,0,0,0,0,0,0,0,0,0,0,0,0,0,0,0,0.07,0.25,0.47,0.68,0.85,0.96,1,1,1,1,1,1,1,1,1,1,1,1,1,1,1,1,1,1,1,1,1,1
PARAM_EYE_R_OPEN=1,0.76,0.36,0.09,0,0,0,0,0,0,0,0,0,0,0,0,0,0,0,0,0,0,0,0,0,0,0,0,0,0,0,0.003,0.005,0.007,0.009,0.01,0.01,0.008,0.004,0.001,0,0,0,0,0,0,0,0,0,0,0,0,0,0,0,0.07,0.25,0.47,0.68,0.85,0.96,1,1,1,1,1,1,1,1,1,1,1,1,1,1,1,1,1,1,1,1,1,1
PARAM_Smile eye=1
PARAM_Angry eye=0
PARAM_EYE_BALL_X=0,0,0,0,0,0,0,0,0,0,0,0,0,0,0,0,0,0,0,0,0,0,0,0,0,0,0,0,0,0,0,0,0,0,0,0,0,0,0,0,0,0,0,0,0,0,0,0,0,0,-0.003,-0.01,-0.021,-0.033,-0.047,-0.059,-0.07,-0.077,-0.08,-0.075,-0.063,-0.049,-0.035,-0.021,-0.01,-0.003,0,0,0,0,0,0,0,0,0,0,0,0,0,0,0,0,0
PARAM_EYE_BALL_Y=0,0,0,0,0,0,0,0,0,0,0,0,0,0,0,0,0,0,0,0,0,0,0,0,0,0,0,0,0,0,0,0,0,0,0,0,0,0,0,0,0,0,0,0,0,0,0,0,0,0,-0.03,-0.11,-0.22,-0.35,-0.48,-0.61,-0.72,-0.8,-0.83,-0.78,-0.66,-0.51,-0.36,-0.22,-0.11,-0.03,0,0,0,0,0,0,0,0,0,0,0,0,0,0,0,0,0
PARAM_MOUTH_FORM=0,0.006,0.02,0.04,0.06,0.09,0.11,0.13,0.151,0.167,0.176,0.18,0.18,0.18,0.18,0.18,0.18,0.18,0.18,0.18,0.18,0.18,0.18,0.18,0.18,0.18,0.18,0.18,0.18,0.18,0.178,0.176,0.174,0.171,0.167,0.163,0.158,0.153,0.147,0.141,0.135,0.129,0.122,0.115,0.108,0.101,0.094,0.087,0.08,0.073,0.067,0.06,0.053,0.047,0.041,0.035,0.03,0.024,0.02,0.015,0.011,0.008,0.005,0.003,0.001,0,0,0,0,0,0,0,0,0,0,0,0,0,0,0,0,0,0
PARAM_MOUTH_OPEN_Y=0,0.09,0.18,0.31,0.42,0.52,0.61,0.68,0.75,0.81,0.85,0.89,0.91,0.925,0.93,0.92,0.89,0.85,0.8,0.75,0.69,0.62,0.57,0.52,0.48,0.45,0.44,0.46,0.51,0.57,0.62,0.67,0.7,0.71,0.71,0.71,0.71,0.71,0.71,0.71,0.71,0.71,0.71,0.71,0.71,0.71,0.71,0.71,0.71,0.71,0.66,0.53,0.36,0.18,0.05,0,0,0,0,0,0,0,0,0,0,0,0,0,0,0,0,0,0,0,0,0,0,0,0,0,0,0,0
PARAM_Mouth Angle=0
PARAM_CHEEK=1
PARAM_BODY_ANGLE_X=0,-0.06,-0.21,-0.42,-0.69,-0.99,-1.3,-1.62,-1.93,-2.21,-2.47,-2.68,-2.85,-2.96,-3,-2.84,-2.44,-1.89,-1.25,-0.59,0.07,0.69,1.21,1.63,1.9,2,1.982,1.93,1.85,1.75,1.63,1.49,1.34,1.18,1.02,0.86,0.71,0.56,0.42,0.3,0.2,0.11,0.05,0.01,0,0,0,0,0,0,0,0,0,0,0,0,0,0,0,0,0,0,0,0,0,0,0,0,0,0,0,0,0,0,0,0,0,0,0,0,0,0,0
PARAM_BODY_ANGLE_Z=0,-0.016,-0.06,-0.13,-0.23,-0.36,-0.5,-0.66,-0.82,-0.95,-1.08,-1.2,-1.31,-1.41,-1.5,-1.59,-1.66,-1.73,-1.79,-1.84,-1.88,-1.92,-1.95,-1.97,-1.987,-1.997,-2,-1.84,-1.59,-1.33,-1.12,-1,-0.92,-0.84,-0.76,-0.69,-0.63,-0.57,-0.51,-0.45,-0.4,-0.35,-0.31,-0.27,-0.23,-0.2,-0.17,-0.14,-0.11,-0.09,-0.07,-0.053,-0.038,-0.026,-0.017,-0.009,-0.004,-0.001,0,0,0,0,0,0,0,0,0,0,0,0,0,0,0,0,0,0,0,0,0,0,0,0,0
PARAM_BREATH=0,0.11,0.28,0.45,0.56,0.61,0.594,0.55,0.49,0.41,0.34,0.26,0.2,0.16,0.14,0.23,0.38,0.51,0.61,0.65,0.648,0.637,0.61,0.57,0.51,0.36,0.22,0.1,0.03,0,0.009,0.04,0.08,0.14,0.24,0.33,0.4,0.45,0.48,0.504,0.51,0.42,0.26,0.15,0.12,0.16,0.22,0.27,0.31,0.33,0.319,0.29,0.24,0.19,0.14,0.09,0.04,0.01,0,0,0,0,0,0,0,0,0,0,0,0,0,0,0,0,0,0,0,0,0,0,0,0,0
PARAM_Bust Angle X=0,0.89,2.32,3.66,4.62,5,4.97,4.89,4.76,4.59,4.38,4.13,3.85,3.54,3.22,2.87,2.5,2.13,1.75,1.37,1,0.62,0.45,0.32,0.19,0,-0.37,-0.64,-0.83,-0.96,-1,-0.93,-0.75,-0.53,-0.32,-0.15,-0.04,0,-0.016,-0.06,-0.14,-0.24,-0.36,-0.5,-0.67,-0.85,-1.04,-1.24,-1.45,-1.67,-1.89,-2.11,-2.33,-2.55,-2.76,-2.96,-3.15,-3.33,-3.5,-3.64,-3.76,-3.86,-3.94,-3.98,-4,-1.09,0,0,0,0,0,0,0,0,0,0,0,0,0,0,0,0,0
PARAM_Bust Angle Y=0,-0.72,-1.86,-2.93,-3.7,-4,-3.86,-3.47,-2.85,-2.07,-1.14,-0.12,0.95,2.05,3.12,4.14,5.07,5.85,6.47,6.86,7,5.93,4.21,2.61,1.45,1,2.43,4.72,6.86,8.4,9,8.04,5.72,2.88,0.11,-2.11,-3.52,-4,-3.98,-3.92,-3.83,-3.7,-3.55,-3.37,-3.17,-2.94,-2.71,-2.45,-2.19,-1.92,-1.64,-1.36,-1.08,-0.81,-0.55,-0.29,-0.06,0.17,0.37,0.55,0.7,0.83,0.92,0.98,1,0.27,0,0,0,0,0,0,0,0,0,0,0,0,0,0,0,0,0
PARAM_Arm LT Angle=0.07,0.068,0.061,0.052,0.041,0.029,0.018,0.009,0.002,0,0.003,0.008,0.015,0.023,0.029,0.035,0.039,0.04,0.037,0.03,0.021,0.013,0.006,0.001,0,0.002,0.006,0.013,0.021,0.029,0.037,0.044,0.048,0.05,0.046,0.037,0.026,0.016,0.007,0.002,0,0,0,0,0,0,0,0,0,0,0,0.003,0.007,0.011,0.017,0.022,0.028,0.034,0.04,0.046,0.052,0.057,0.061,0.065,0.068,0.069,0.07,0.07,0.07,0.07,0.07,0.07,0.07,0.07,0.07,0.07,0.07,0.07,0.07,0.07,0.07,0.07,0.07
PARAM_Arm RT Angle=0.07,0.068,0.061,0.052,0.041,0.029,0.018,0.009,0.002,0,0.003,0.008,0.015,0.023,0.029,0.035,0.039,0.04,0.037,0.03,0.021,0.013,0.006,0.001,0,0.002,0.006,0.013,0.021,0.029,0.037,0.044,0.048,0.05,0.046,0.037,0.026,0.016,0.007,0.002,0,0,0,0,0,0,0,0,0,0,0,0.003,0.007,0.011,0.017,0.022,0.028,0.034,0.04,0.046,0.052,0.057,0.061,0.065,0.068,0.069,0.07,0.07,0.07,0.07,0.07,0.07,0.07,0.07,0.07,0.07,0.07,0.07,0.07,0.07,0.07,0.07,0.07
PARAM_Arm LB Agle=0,0.01,0.04,0.08,0.13,0.18,0.25,0.31,0.38,0.45,0.51,0.58,0.63,0.68,0.72,0.75,0.773,0.78,0.78,0.78,0.78,0.78,0.78,0.78,0.78,0.78,0.78,0.78,0.78,0.78,0.78,0.78,0.78,0.78,0.78,0.78,0.78,0.78,0.78,0.78,0.78,0.78,0.78,0.78,0.78,0.78,0.78,0.78,0.78,0.78,0.78,0.78,0.78,0.78,0.78,0.764,0.72,0.66,0.58,0.49,0.39,0.29,0.2,0.12,0.06,0.02,0,0,0,0,0,0,0,0,0,0,0,0,0,0,0,0,0
PARAM_Arm RB Agle=0,0.01,0.04,0.08,0.13,0.18,0.25,0.31,0.38,0.45,0.51,0.58,0.63,0.68,0.72,0.75,0.773,0.78,0.78,0.78,0.78,0.78,0.78,0.78,0.78,0.78,0.78,0.78,0.78,0.78,0.78,0.78,0.78,0.78,0.78,0.78,0.78,0.78,0.78,0.78,0.78,0.78,0.78,0.78,0.78,0.78,0.78,0.78,0.78,0.78,0.78,0.78,0.78,0.78,0.78,0.764,0.72,0.66,0.58,0.49,0.39,0.29,0.2,0.12,0.06,0.02,0,0,0,0,0,0,0,0,0,0,0,0,0,0,0,0,0
PARAM_Arm L hand=0,0.08,0.2,0.32,0.41,0.44,0.432,0.41,0.38,0.34,0.29,0.25,0.2,0.16,0.12,0.08,0.05,0.02,0.006,0,0.06,0.17,0.26,0.33,0.36,0.36,0.36,0.36,0.36,0.36,0.36,0.36,0.36,0.36,0.36,0.36,0.36,0.36,0.36,0.36,0.36,0.36,0.36,0.36,0.36,0.36,0.36,0.36,0.36,0.36,0.36,0.36,0.36,0.36,0.36,0.27,0.13,0.03,0,0,0,0,0,0,0,0,0,0,0,0,0,0,0,0,0,0,0,0,0,0,0,0,0
PARAM_Arm R hand=0,0.018,0.06,0.13,0.21,0.3,0.38,0.45,0.49,0.51,0.51,0.508,0.504,0.497,0.486,0.47,0.45,0.42,0.38,0.29,0.18,0.09,0.02,0,0,0,0,0,0,0,0,0,0,0,0,0,0,0,0,0,0,0,0,0,0,0,0,0,0,0,0,0,0,0,0,0,0,0,0,0,0,0,0,0,0,0,0,0,0,0,0,0,0,0,0,0,0,0,0,0,0,0,0
PARAM_Hair Twist L=0.4,0.51,0.68,0.84,0.95,1,0.97,0.9,0.81,0.7,0.58,0.47,0.36,0.27,0.19,0.15,0.13,0.19,0.33,0.52,0.71,0.85,0.91,0.87,0.76,0.6,0.42,0.22,0.04,-0.12,-0.23,-0.27,-0.266,-0.254,-0.236,-0.21,-0.18,-0.15,-0.11,-0.07,-0.03,0.02,0.06,0.11,0.16,0.2,0.25,0.29,0.34,0.38,0.41,0.45,0.48,0.5,0.522,0.537,0.547,0.55,0.545,0.531,0.51,0.49,0.46,0.44,0.42,0.405,0.4,0.4,0.4,0.4,0.4,0.4,0.4,0.4,0.4,0.4,0.4,0.4,0.4,0.4,0.4,0.4,0.4
PARAM_Hair Twist R=-0.6,-0.605,-0.617,-0.633,-0.652,-0.672,-0.692,-0.711,-0.726,-0.739,-0.747,-0.75,-0.737,-0.7,-0.65,-0.58,-0.5,-0.42,-0.34,-0.26,-0.19,-0.14,-0.1,-0.087,-0.11,-0.16,-0.22,-0.28,-0.34,-0.39,-0.43,-0.44,-0.443,-0.445,-0.447,-0.45,-0.452,-0.454,-0.455,-0.457,-0.459,-0.461,-0.462,-0.464,-0.466,-0.467,-0.469,-0.47,-0.472,-0.474,-0.476,-0.477,-0.479,-0.481,-0.483,-0.485,-0.488,-0.49,-0.496,-0.507,-0.522,-0.539,-0.556,-0.573,-0.587,-0.596,-0.6,-0.6,-0.6,-0.6,-0.6,-0.6,-0.6,-0.6,-0.6,-0.6,-0.6,-0.6,-0.6,-0.6,-0.6,-0.6,-0.6
PARAM_Hairfront_vive=0,0.03,0.11,0.22,0.35,0.48,0.61,0.74,0.84,0.93,0.98,1,0.88,0.61,0.27,-0.08,-0.4,-0.66,-0.83,-0.9,-0.85,-0.74,-0.59,-0.44,-0.33,-0.28,-0.34,-0.44,-0.51,-0.53,-0.4,-0.18,-0.04,0.01,0.01,0.01,0.01,0.01,0.01,0.01,0.01,-0.03,-0.13,-0.26,-0.39,-0.49,-0.53,-0.39,-0.13,0.01,-0.03,-0.1,-0.2,-0.3,-0.39,-0.46,-0.51,-0.53,-0.529,-0.527,-0.522,-0.513,-0.5,-0.482,-0.46,-0.43,-0.39,-0.35,-0.3,-0.23,-0.15,-0.07,0.02,0.1,0.17,0.23,0.27,0.28,0.23,0.15,0.08,0.02,0
PARAM_Hand L3=0,0,0,0,0,0,0,0,0,0,0,0,0,0,0,0,0,1,1,1,1,1,1,1,1,1,1,1,1,1,1,1,1,1,1,1,1,1,1,1,1,1,1,1,1,1,1,1,1,1,1,1,1,1,1,1,1,1,1,1,0,0,0,0,0,0,0,0,0,0,0,0,0,0,0,0,0,0,0,0,0,0,0
PARAM_HL4=1,1,1,1,1,1,1,1,1,1,1,1,1,1,1,1,1,0,0,0,0,0,0,0,0,0,0,0,0,0,0,0,0,0,0,0,0,0,0,0,0,0,0,0,0,0,0,0,0,0,0,0,0,0,0,0,0,0,0,0,1,1,1,1,1,1,1,1,1,1,1,1,1,1,1,1,1,1,1,1,1,1,1
PARAM_Hand R2=0
PARAM_Hand R3=0,0,0,0,0,0,0,0,0,0,0,0,0,0,0,0,0,1,1,1,1,1,1,1,1,1,1,1,1,1,1,1,1,1,1,1,1,1,1,1,1,1,1,1,1,1,1,1,1,1,1,1,1,1,1,1,1,1,1,1,0,0,0,0,0,0,0,0,0,0,0,0,0,0,0,0,0,0,0,0,0,0,0
PARAM_HR4=1,1,1,1,1,1,1,1,1,1,1,1,1,1,1,1,1,0,0,0,0,0,0,0,0,0,0,0,0,0,0,0,0,0,0,0,0,0,0,0,0,0,0,0,0,0,0,0,0,0,0,0,0,0,0,0,0,0,0,0,1,1,1,1,1,1,1,1,1,1,1,1,1,1,1,1,1,1,1,1,1,1,1