# Live2D Animator Motion Data
$fps=30

$fadein=1000

$fadeout=1000

PARAM_ANGLE_X=0,0,0,0,0,0,0,0,0,0,0,0.16,0.59,1.25,2.08,3,4,5,5.92,6.75,7.41,7.84,8,7.63,6.6,4.98,2.92,0.46,-2.22,-5.06,-7.94,-10.78,-13.46,-15.92,-17.98,-19.6,-20.63,-21,-21,-21,-21,-21,-21,-21,-21,-21,-20.94,-20.78,-20.54,-20.24,-19.9,-19.54,-19.19,-18.87,-18.58,-18.34,-18.15,-18.04,-18,-18.54,-19.39,-20.2,-20.77,-21,-21,-21,-21,-21,-21,-21.003,-20.96,-20.82,-20.54,-20.1,-19.45,-18.6,-17.49,-15.64,-13.41,-10.93,-8.46,-6.1,-4.02,-2.31,-1.05,-0.27,0,0,0,0,0,0,0,0,0,0,0,0,0,0,0,0,0,0,0,0,0,0,0,0,0,0,0,0,0,0,0,0,0,0,0,0,0,0,0,0,0,0,0,0,0,0,0,0,0,0,0,0,0,0,0,0,0,0,0,0,0,0,0,0,0,0,0,0,0,0,0,0,0,0,0,0,0,0,0,0,0,0,0,0,0,0,0,0,0,0,0,0
PARAM_ANGLE_Y=0,0,0,0,0,0,0,0,0,0,0,0.3,1.1,2.34,3.9,5.63,7.5,9.37,11.1,12.66,13.9,14.7,15,14.61,13.5,11.77,9.56,6.94,4.07,1.04,-2.04,-5.07,-7.94,-10.56,-12.77,-14.5,-15.61,-16,-16,-16,-16,-16,-16,-16,-16,-16,-15.98,-15.93,-15.85,-15.75,-15.63,-15.51,-15.4,-15.29,-15.19,-15.11,-15.05,-15.01,-15,-15.18,-15.46,-15.73,-15.92,-16,-16,-16,-16,-16,-16,-16.017,-16.031,-16.01,-15.92,-15.76,-15.49,-15.12,-14.61,-12.88,-9.54,-5.07,-0.13,4.91,9.55,13.49,16.47,18.34,19,18.984,18.94,18.86,18.76,18.63,18.47,18.29,18.09,17.86,17.61,17.35,17.06,16.75,16.43,16.09,15.74,15.37,14.99,14.6,14.19,13.78,13.36,12.93,12.49,12.05,11.61,11.16,10.7,10.24,9.79,9.33,8.87,8.42,7.96,7.51,7.07,6.63,6.2,5.77,5.35,4.94,4.54,4.15,3.78,3.41,3.06,2.72,2.4,2.1,1.8,1.54,1.28,1.05,0.84,0.65,0.48,0.34,0.22,0.13,0.06,0.01,0,0,0,0,0,0,0,0,0,0,0,0,0,0,0,0,0,0,0,0,0,0,0,0,0,0,0,0,0,0
PARAM_ANGLE_Z=0,0,0,0,0,0,0,0,0,0,0,-0.03,-0.12,-0.28,-0.51,-0.8,-1.17,-1.62,-2.12,-2.72,-3.41,-4.15,-5,-5.86,-6.66,-7.43,-8.13,-8.79,-9.38,-9.92,-10.39,-10.81,-11.17,-11.47,-11.7,-11.87,-11.97,-12,-11.61,-10.76,-9.7,-8.6,-7.59,-6.76,-6.21,-6,-6,-6,-6,-6,-6,-6,-6,-6,-6,-6,-6,-6,-6,-6,-6,-6,-6,-6,-6,-6,-6,-6,-6,-6.02,-6.07,-6.13,-6.19,-6.24,-6.29,-6.32,-6.332,-6.11,-5.54,-4.72,-3.77,-2.8,-1.88,-1.1,-0.51,-0.13,0,0,0,0,0,0,0,0,0,0,0,0,0,0,0,0,0,0,0,0,0,0,0,0,0,0,0,0,0,0,0,0,0,0,0,0,0,0,0,0,0,0,0,0,0,0,0,0,0,0,0,0,0,0,0,0,0,0,0,0,0,0,0,0,0,0,0,0,0,0,0,0,0,0,0,0,0,0,0,0,0,0,0,0,0,0,0,0,0,0,0,0
PARAM_BROW_L_Y=0
PARAM_BROW_R_Y=0
PARAM_BROW_L_X=0
PARAM_BROW_R_X=0
PARAM_eyebrow Change=0.5
PARAM_EYE_L_OPEN=1,1,1,1,1,1,1,1,1,1,1,1,1,1,1,1,1,1,1,1,1,1,1,0.996,0.984,0.965,0.94,0.91,0.88,0.85,0.81,0.78,0.75,0.72,0.7,0.676,0.664,0.66,0.66,0.66,0.66,0.66,0.66,0.66,0.66,0.66,0.18,0,0.18,0.49,0.67,0.18,0,0.05,0.19,0.36,0.53,0.67,0.72,0.72,0.72,0.72,0.72,0.72,0.72,0.72,0.72,0.2,0,0.19,0.53,0.72,0.72,0.72,0.72,0.72,0.72,0.73,0.75,0.79,0.83,0.88,0.92,0.95,0.98,0.994,1,1,1,1,1,1,1,1,1,1,1,1,1,1,1,1,1,1,1,1,1,1,0.27,0,0.73,1,1,1,1,1,1,1,1,1,1,1,1,1,1,1,1,1,1,1,1,1,1,1,1,1,1,1,1,1,1,1,1,1,1,1,1,1,1,1,1,1,1,1,1,1,1,1,1,1,1,1,1,1,1,1,1,1,1,1,1,1,1,1,1,1,1,1
PARAM_EYE_R_OPEN=1,1,1,1,1,1,1,1,1,1,1,1,1,1,1,1,1,1,1,1,1,1,1,0.996,0.984,0.965,0.94,0.91,0.88,0.85,0.81,0.78,0.75,0.72,0.7,0.676,0.664,0.66,0.66,0.66,0.66,0.66,0.66,0.66,0.66,0.66,0.18,0,0.18,0.49,0.67,0.18,0,0.05,0.19,0.36,0.53,0.67,0.72,0.72,0.72,0.72,0.72,0.72,0.72,0.72,0.72,0.2,0,0.19,0.53,0.72,0.72,0.72,0.72,0.72,0.72,0.73,0.75,0.79,0.83,0.88,0.92,0.95,0.98,0.994,1,1,1,1,1,1,1,1,1,1,1,1,1,1,1,1,1,1,1,1,1,1,0.27,0,0.73,1,1,1,1,1,1,1,1,1,1,1,1,1,1,1,1,1,1,1,1,1,1,1,1,1,1,1,1,1,1,1,1,1,1,1,1,1,1,1,1,1,1,1,1,1,1,1,1,1,1,1,1,1,1,1,1,1,1,1,1,1,1,1,1,1,1,1
PARAM_Smile eye=0,0,0,0,0,0,0,0,0,0,0,0.02,0.07,0.16,0.26,0.38,0.5,0.62,0.74,0.84,0.93,0.98,1,1,1,1,0.998,0.998,0.996,0.995,0.993,0.992,0.99,0.987,0.985,0.982,0.979,0.976,0.972,0.969,0.964,0.96,0.955,0.951,0.945,0.94,0.934,0.928,0.921,0.915,0.908,0.9,0.892,0.884,0.876,0.867,0.858,0.849,0.839,0.829,0.818,0.807,0.796,0.784,0.772,0.759,0.747,0.733,0.72,0.706,0.691,0.676,0.661,0.645,0.629,0.612,0.595,0.56,0.5,0.42,0.33,0.24,0.16,0.09,0.04,0.01,0,0,0,0,0,0,0,0,0,0,0,0,0,0,0,0,0,0,0,0,0,0,0,0,0,0,0,0,0,0,0,0,0,0,0,0,0,0,0,0,0,0,0,0,0,0,0,0,0,0,0,0,0,0,0,0,0,0,0,0,0,0,0,0,0,0,0,0,0,0,0,0,0,0,0,0,0,0,0,0,0,0,0,0,0,0,0,0,0,0,0,0
PARAM_Angry eye=0,0,0,0,0,0,0,0,0,0,0,0,0,0,0,0,0,0,0,0,0,0,0,0,0,0,0,0,0,0,0,0,0,0,0,0,0,0,0,0,0,0,0,0,0,0,0,0,0,0,0,0,0,0,0,0,0,0,0,0,0,0,0,0,0,0,0,0,0,0,0,0,0,0,0,0,0,0.03,0.12,0.25,0.4,0.56,0.7,0.83,0.92,0.98,1,0.999,0.997,0.993,0.987,0.98,0.972,0.963,0.952,0.94,0.927,0.913,0.898,0.882,0.865,0.847,0.828,0.809,0.789,0.77,0.75,0.73,0.7,0.68,0.66,0.63,0.61,0.59,0.56,0.54,0.52,0.49,0.47,0.44,0.42,0.4,0.37,0.35,0.33,0.3,0.28,0.26,0.24,0.219,0.199,0.179,0.161,0.143,0.126,0.11,0.095,0.081,0.068,0.055,0.044,0.034,0.025,0.018,0.012,0.007,0.003,0.001,0,0,0,0,0,0,0,0,0,0,0,0,0,0,0,0,0,0,0,0,0,0,0,0,0,0,0,0,0,0
PARAM_EYE_BALL_X=0,0,0,0,0,0,0,0,0,0,0,0.006,0.021,0.04,0.07,0.11,0.14,0.17,0.21,0.24,0.26,0.274,0.28,0.276,0.266,0.251,0.231,0.21,0.18,0.15,0.13,0.1,0.07,0.05,0.029,0.014,0.004,0,0,0,0,0,0,0,0,0,0.01,0.04,0.07,0.12,0.18,0.23,0.29,0.34,0.39,0.43,0.46,0.474,0.48,0.39,0.26,0.13,0.04,0,0,0,0,0.019,0.07,0.14,0.22,0.3,0.38,0.45,0.5,0.53,0.546,0.527,0.48,0.41,0.33,0.24,0.16,0.1,0.04,0.01,0,0,0,0,0,0,0,0,0,0,0,0,0,0,0,0,0,0,0,0,0,0,0,0,0,0,0,0,0,0,0,0,0,0,0,0,0,0,0,0,0,0,0,0,0,0,0,0,0,0,0,0,0,0,0,0,0,0,0,0,0,0,0,0,0,0,0,0,0,0,0,0,0,0,0,0,0,0,0,0,0,0,0,0,0,0,0,0,0,0,0,0
PARAM_EYE_BALL_Y=0,0,0,0,0,0,0,0,0,0,0,0.012,0.04,0.09,0.15,0.22,0.29,0.36,0.43,0.49,0.54,0.57,0.58,0.573,0.552,0.52,0.48,0.43,0.38,0.32,0.26,0.2,0.15,0.1,0.06,0.03,0.007,0,0,0,0,0,0,0,0,0,0.008,0.028,0.06,0.1,0.14,0.18,0.23,0.27,0.31,0.34,0.36,0.375,0.38,0.31,0.2,0.1,0.03,0,0,0,0,0.02,0.08,0.17,0.27,0.37,0.46,0.54,0.6,0.64,0.657,0.63,0.57,0.49,0.39,0.29,0.2,0.11,0.05,0.01,0,0,0,0,0,0,0,0,0,0,0,0,0,0,0,0,0,0,0,0,0,0,0,0,0,0,0,0,0,0,0,0,0,0,0,0,0,0,0,0,0,0,0,0,0,0,0,0,0,0,0,0,0,0,0,0,0,0,0,0,0,0,0,0,0,0,0,0,0,0,0,0,0,0,0,0,0,0,0,0,0,0,0,0,0,0,0,0,0,0,0,0
PARAM_MOUTH_FORM=0,0,0,0,0,0,0,0,0,0,0,0,0,0,0,0,0,0,0,0,0,0,0,0,0,0,0,0,0,0,0,0,0,0,0,0,0,0,0,0,0,0,0,0,0,0,0,0,0,0,0,0,0,0,0,0,0,0,0,0,0,0,0,0,0,0,0,0,0,0,0,0,0,0,0,0,0,0.03,0.12,0.25,0.4,0.56,0.7,0.83,0.92,0.98,1,0.999,0.997,0.993,0.987,0.98,0.972,0.963,0.952,0.94,0.927,0.913,0.898,0.882,0.865,0.847,0.828,0.809,0.789,0.77,0.75,0.73,0.7,0.68,0.66,0.63,0.61,0.59,0.56,0.54,0.52,0.49,0.47,0.44,0.42,0.4,0.37,0.35,0.33,0.3,0.28,0.26,0.24,0.219,0.199,0.179,0.161,0.143,0.126,0.11,0.095,0.081,0.068,0.055,0.044,0.034,0.025,0.018,0.012,0.007,0.003,0.001,0,0,0,0,0,0,0,0,0,0,0,0,0,0,0,0,0,0,0,0,0,0,0,0,0,0,0,0,0,0
PARAM_MOUTH_OPEN_Y=0,0,0,0,0,0,0,0,0,0,0,0.016,0.06,0.12,0.21,0.3,0.4,0.49,0.58,0.67,0.73,0.77,0.79,0.78,0.75,0.71,0.65,0.58,0.51,0.43,0.36,0.28,0.21,0.14,0.08,0.04,0.01,0,0,0,0,0,0,0,0,0,0,0,0,0,0,0,0,0,0,0,0,0,0,0,0,0,0,0,0,0,0,0,0,0,0,0,0,0,0,0,0,0,0,0,0,0,0,0,0,0,0,0,0,0,0,0,0,0,0,0,0,0,0,0,0,0,0,0,0,0,0,0,0,0,0,0,0,0,0,0,0,0,0,0,0,0,0,0,0,0,0,0,0,0,0,0,0,0,0,0,0,0,0,0,0,0,0,0,0,0,0,0,0,0,0,0,0,0,0,0,0,0,0,0,0,0,0,0,0,0,0,0,0,0,0,0,0,0,0,0,0,0
PARAM_Mouth=0
PARAM_Mouth Angle=0
PARAM_CHEEK=1
PARAM_BODY_ANGLE_X=0,0,0,0,0,0,0,0,0,0,0,0,0,0,0,0,0,0,0,0,0,0,0,-0.08,-0.29,-0.63,-1.05,-1.56,-2.12,-2.7,-3.3,-3.88,-4.44,-4.95,-5.37,-5.71,-5.92,-6,-5.984,-5.94,-5.86,-5.76,-5.64,-5.5,-5.33,-5.15,-4.96,-4.76,-4.55,-4.33,-4.11,-3.89,-3.67,-3.45,-3.24,-3.04,-2.85,-2.67,-2.5,-2.36,-2.24,-2.14,-2.06,-2.02,-2,-2.008,-2.03,-2.06,-2.11,-2.15,-2.2,-2.25,-2.3,-2.34,-2.37,-2.4,-2.404,-2.32,-2.1,-1.79,-1.43,-1.06,-0.71,-0.42,-0.19,-0.05,0,0,0,0,0,0,0,0,0,0,0,0,0,0,0,0,0,0,0,0,0,0,0,0,0,0,0,0,0,0,0,0,0,0,0,0,0,0,0,0,0,0,0,0,0,0,0,0,0,0,0,0,0,0,0,0,0,0,0,0,0,0,0,0,0,0,0,0,0,0,0,0,0,0,0,0,0,0,0,0,0,0,0,0,0,0,0,0,0,0,0,0
PARAM_BODY_ANGLE_Z=0
PARAM_BREATH=0,0.002,0.009,0.02,0.035,0.055,0.08,0.1,0.13,0.17,0.2,0.24,0.28,0.31,0.35,0.37,0.4,0.42,0.438,0.452,0.462,0.468,0.47,0.464,0.447,0.42,0.39,0.35,0.3,0.26,0.21,0.17,0.12,0.08,0.05,0.02,0.006,0,0,0,0,0,0,0,0,0,0,0,0,0,0,0,0,0,0,0,0,0,0,0,0,0,0,0,0,0,0,0,0,0,0,0,0,0,0,0,0,0,0,0,0,0,0,0,0,0,0,0.001,0.006,0.013,0.022,0.033,0.047,0.062,0.08,0.098,0.118,0.14,0.16,0.18,0.21,0.23,0.25,0.28,0.3,0.33,0.35,0.37,0.39,0.41,0.434,0.453,0.47,0.485,0.499,0.511,0.521,0.529,0.535,0.539,0.54,0.538,0.532,0.521,0.508,0.491,0.472,0.45,0.43,0.4,0.37,0.35,0.32,0.29,0.26,0.23,0.2,0.17,0.15,0.12,0.1,0.08,0.058,0.041,0.027,0.015,0.007,0.002,0,0.003,0.011,0.022,0.035,0.048,0.061,0.074,0.084,0.093,0.098,0.1,0.097,0.088,0.075,0.06,0.044,0.03,0.017,0.008,0.002,0,0,0,0,0,0,0,0,0
PARAM_Bust Angle X=0
PARAM_Bust Angle Y=0
PARAM_Arm LT Angle=-5,-4.86,-4.5,-3.97,-3.33,-2.65,-1.97,-1.34,-0.79,-0.34,0,0.31,0.55,0.76,0.93,1.05,1.15,1.21,1.26,1.28,1.295,1.3,1.3,1.284,1.24,1.16,1.07,0.96,0.84,0.71,0.59,0.46,0.34,0.23,0.14,0.06,0.02,0,0,0,0,0,0,0,0,0,0,0,0,0,0,0,0,0,0,0,0,0,0,0,0,0,0,0,0,0,0,0,0,0,0,0,0,0,0,0,0,0,0,0,0,0,0,0,0,0,0,0,0,0,0,0,0,0,0,0,0,0,0,0,0,0,0,0,0,0,0,0,0,0,0,0,0,0,0,0,0,0,0,0,0,0,0,0,0,0,0,0,0,0,0,0,0,0,0,0,0,0,0,0,0,0,0,0,0,0,0,0,0,0,0,0,0,0,0,0,0,0,0,0,-0.17,-0.62,-1.27,-2.02,-2.79,-3.51,-4.13,-4.6,-4.9,-5,-5,-5,-5,-5,-5,-5,-5,-5
PARAM_Arm RT Angle=-5,-4.86,-4.5,-3.97,-3.33,-2.65,-1.97,-1.34,-0.79,-0.34,0,0.31,0.55,0.76,0.93,1.05,1.15,1.21,1.26,1.28,1.295,1.3,1.3,1.284,1.24,1.16,1.07,0.96,0.84,0.71,0.59,0.46,0.34,0.23,0.14,0.06,0.02,0,0,0,0,0,0,0,0,0,0,0,0,0,0,0,0,0,0,0,0,0,0,0,0,0,0,0,0,0,0,0,0,0,0,0,0,0,0,0,0,0,0,0,0,0,0,0,0,0,0,0,0,0,0,0,0,0,0,0,0,0,0,0,0,0,0,0,0,0,0,0,0,0,0,0,0,0,0,0,0,0,0,0,0,0,0,0,0,0,0,0,0,0,0,0,0,0,0,0,0,0,0,0,0,0,0,0,0,0,0,0,0,0,0,0,0,0,0,0,0,0,0,0,-0.17,-0.62,-1.27,-2.02,-2.79,-3.51,-4.13,-4.6,-4.9,-5,-5,-5,-5,-5,-5,-5,-5,-5
PARAM_Arm LB Agle=-1,-0.97,-0.88,-0.75,-0.6,-0.44,-0.3,-0.17,-0.08,-0.02,0,0,0,0,0,0,0,0,0,0,0,0,0,0.003,0.012,0.026,0.044,0.07,0.09,0.11,0.14,0.16,0.18,0.21,0.224,0.238,0.247,0.25,0.25,0.25,0.25,0.25,0.25,0.25,0.249,0.25,0.248,0.25,0.247,0.25,0.245,0.244,0.243,0.242,0.241,0.24,0.239,0.237,0.236,0.234,0.233,0.231,0.229,0.227,0.225,0.223,0.22,0.218,0.215,0.212,0.209,0.206,0.203,0.2,0.196,0.192,0.189,0.179,0.16,0.13,0.11,0.08,0.05,0.03,0.014,0.004,0,0,0,0,0,0,0,0,0,0,0,0,0,0,0,0,0,0,0,0,0,0,0,0,0,0,0,0,0,0,0,0,0,0,0,0,0,0,0,0,0,0,0,0,0,0,0,0,0,0,0,0,0,0,0,0,0,0,0,0,0,0,0,0,0,0,0,0,0,0,0,0,0,0,-0.03,-0.12,-0.25,-0.4,-0.56,-0.7,-0.83,-0.92,-0.98,-1,-1,-1,-1,-1,-1,-1,-1,-1
PARAM_Arm RB Agle=-1,-0.97,-0.88,-0.75,-0.6,-0.44,-0.3,-0.17,-0.08,-0.02,0,0,0,0,0,0,0,0,0,0,0,0,0,0.007,0.026,0.06,0.09,0.14,0.19,0.24,0.29,0.34,0.39,0.44,0.47,0.5,0.523,0.53,0.53,0.53,0.53,0.53,0.529,0.53,0.527,0.527,0.526,0.524,0.523,0.522,0.52,0.518,0.516,0.514,0.512,0.509,0.506,0.503,0.5,0.497,0.493,0.49,0.485,0.481,0.477,0.472,0.467,0.461,0.456,0.45,0.444,0.437,0.43,0.423,0.416,0.408,0.4,0.38,0.34,0.29,0.23,0.17,0.11,0.07,0.03,0.01,0,0,0,0,0,0,0,0,0,0,0,0,0,0,0,0,0,0,0,0,0,0,0,0,0,0,0,0,0,0,0,0,0,0,0,0,0,0,0,0,0,0,0,0,0,0,0,0,0,0,0,0,0,0,0,0,0,0,0,0,0,0,0,0,0,0,0,0,0,0,0,0,0,0,-0.03,-0.12,-0.25,-0.4,-0.56,-0.7,-0.83,-0.92,-0.98,-1,-1,-1,-1,-1,-1,-1,-1,-1
PARAM_Arm L hand=0,0,0,0,0,0,0,0,0,0,0,0.007,0.025,0.05,0.09,0.13,0.17,0.21,0.25,0.29,0.31,0.333,0.34,0.336,0.324,0.305,0.28,0.25,0.22,0.19,0.15,0.12,0.09,0.06,0.04,0.016,0.004,0,0,0,0,0,0,0,0,0,0,0,0,0,0,0,0,0,0,0,0,0,0,0,0,0,0,0,0,0,0,0,0,0,0,0,0,0,0,0,0,0,0,0,0,0,0,0,0,0,0,0,0,0,0,0,0,0,0,0,0,0,0,0,0,0,0,0,0,0,0,0,0,0,0,0,0,0,0,0,0,0,0,0,0,0,0,0,0,0,0,0,0,0,0,0,0,0,0,0,0,0,0,0,0,0,0,0,0,0,0,0,0,0,0,0,0,0,0,0,0,0,0,0,0,0,0,0,0,0,0,0,0,0,0,0,0,0,0,0,0,0
PARAM_Arm R hand=0,0,0,0,0,0,0,0,0,0,0,0.007,0.025,0.05,0.09,0.13,0.17,0.21,0.25,0.29,0.31,0.333,0.34,0.336,0.324,0.305,0.28,0.25,0.22,0.19,0.15,0.12,0.09,0.06,0.04,0.016,0.004,0,0,0,0,0,0,0,0,0,0,0,0,0,0,0,0,0,0,0,0,0,0,0,0,0,0,0,0,0,0,0,0,0,0,0,0,0,0,0,0,0,0,0,0,0,0,0,0,0,0,0,0,0,0,0,0,0,0,0,0,0,0,0,0,0,0,0,0,0,0,0,0,0,0,0,0,0,0,0,0,0,0,0,0,0,0,0,0,0,0,0,0,0,0,0,0,0,0,0,0,0,0,0,0,0,0,0,0,0,0,0,0,0,0,0,0,0,0,0,0,0,0,0,0,0,0,0,0,0,0,0,0,0,0,0,0,0,0,0,0,0
PARAM_Hair Twist L=0,0,0,0,0,0,0,0,0,0,0,0.007,0.025,0.05,0.09,0.13,0.18,0.22,0.27,0.31,0.35,0.38,0.4,0.416,0.428,0.438,0.446,0.451,0.455,0.458,0.459,0.46,0.46,0.46,0.46,0.46,0.46,0.46,0.46,0.46,0.459,0.458,0.46,0.456,0.455,0.454,0.452,0.451,0.449,0.447,0.445,0.443,0.44,0.438,0.435,0.432,0.428,0.425,0.421,0.417,0.413,0.409,0.405,0.4,0.395,0.39,0.384,0.378,0.372,0.366,0.36,0.353,0.346,0.338,0.331,0.323,0.314,0.296,0.26,0.22,0.18,0.13,0.09,0.05,0.02,0.006,0,0,0,0,0,0,0,0,0,0,0,0,0,0,0,0,0,0,0,0,0,0,0,0,0,0,0,0,0,0,0,0,0,0,0,0,0,0,0,0,0,0,0,0,0,0,0,0,0,0,0,0,0,0,0,0,0,0,0,0,0,0,0,0,0,0,0,0,0,0,0,0,0,0,0,0,0,0,0,0,0,0,0,0,0,0,0,0,0,0,0,0
PARAM_Hair Twist R=0,0,0,0,0,0,0,0,0,0,0,-0.012,-0.04,-0.09,-0.16,-0.23,-0.3,-0.37,-0.44,-0.51,-0.56,-0.59,-0.6,-0.6,-0.6,-0.6,-0.6,-0.599,-0.598,-0.6,-0.596,-0.595,-0.594,-0.592,-0.591,-0.589,-0.587,-0.586,-0.583,-0.581,-0.579,-0.576,-0.573,-0.57,-0.567,-0.564,-0.56,-0.557,-0.553,-0.549,-0.545,-0.54,-0.535,-0.531,-0.526,-0.52,-0.515,-0.509,-0.503,-0.497,-0.491,-0.484,-0.478,-0.47,-0.463,-0.456,-0.448,-0.44,-0.432,-0.423,-0.415,-0.406,-0.396,-0.387,-0.377,-0.367,-0.357,-0.34,-0.3,-0.25,-0.2,-0.15,-0.1,-0.06,-0.03,-0.007,0,0,0,0,0,0,0,0,0,0,0,0,0,0,0,0,0,0,0,0,0,0,0,0,0,0,0,0,0,0,0,0,0,0,0,0,0,0,0,0,0,0,0,0,0,0,0,0,0,0,0,0,0,0,0,0,0,0,0,0,0,0,0,0,0,0,0,0,0,0,0,0,0,0,0,0,0,0,0,0,0,0,0,0,0,0,0,0,0,0,0,0
PARAM_Hairfront_vive=0,0,0,0,0,0,0,0,0,0,0,0.013,0.05,0.1,0.16,0.24,0.32,0.4,0.49,0.58,0.66,0.74,0.81,0.87,0.93,0.97,0.99,1,0.93,0.79,0.62,0.43,0.27,0.13,0.03,0,0.006,0.023,0.05,0.08,0.11,0.14,0.18,0.21,0.24,0.27,0.3,0.314,0.326,0.33,0.32,0.29,0.25,0.19,0.13,0.07,0.01,-0.05,-0.11,-0.15,-0.18,-0.19,-0.184,-0.167,-0.14,-0.11,-0.07,-0.03,0.02,0.07,0.11,0.16,0.2,0.23,0.25,0.271,0.277,0.269,0.249,0.22,0.18,0.15,0.11,0.07,0.04,0.02,0,-0.018,-0.036,-0.053,-0.07,-0.086,-0.102,-0.118,-0.133,-0.149,-0.163,-0.178,-0.191,-0.205,-0.218,-0.231,-0.244,-0.256,-0.268,-0.28,-0.291,-0.302,-0.313,-0.323,-0.333,-0.343,-0.352,-0.361,-0.37,-0.379,-0.387,-0.395,-0.403,-0.41,-0.417,-0.424,-0.431,-0.437,-0.443,-0.449,-0.455,-0.46,-0.465,-0.47,-0.475,-0.479,-0.483,-0.487,-0.491,-0.494,-0.497,-0.5,-0.503,-0.506,-0.508,-0.51,-0.512,-0.514,-0.515,-0.517,-0.518,-0.518,-0.519,-0.52,-0.52,-0.52,-0.49,-0.41,-0.32,-0.23,-0.14,-0.07,-0.02,0,0,0,0,0,0,0,0,0,0,0,0,0,0,0,0,0,0,0
PARAM_Hand L1=0
PARAM_Hand L2=0
PARAM_Hand L3=0
PARAM_HL4=0
PARAM_Hand_L5=0,0,0,0,0,0,0,0,0,0,0,0,0,0,0,0,0,0,0,0,0,0,0,0,0,0,0,0,0,0,0,0,0,0,0,1,1,1,1,1,1,1,1,1,1,1,1,1,1,1,1,1,1,1,1,1,1,1,1,1,1,1,1,1,1,1,1,1,1,1,1,1,1,1,1,1,1,1,1,1,1,1,0,0,0,0,0,0,0,0,0,0,0,0,0,0,0,0,0,0,0,0,0,0,0,0,0,0,0,0,0,0,0,0,0,0,0,0,0,0,0,0,0,0,0,0,0,0,0,0,0,0,0,0,0,0,0,0,0,0,0,0,0,0,0,0,0,0,0,0,0,0,0,0,0,0,0,0,0,0,0,0,0,0,0,0,0,0,0,0,0,0,0,0,0,0,0,0
PARAM_Hand_L8=1,1,1,1,1,1,1,1,1,1,1,1,1,1,1,1,1,1,1,1,1,1,1,1,1,1,1,1,1,1,1,1,1,1,1,0,0,0,0,0,0,0,0,0,0,0,0,0,0,0,0,0,0,0,0,0,0,0,0,0,0,0,0,0,0,0,0,0,0,0,0,0,0,0,0,0,0,0,0,0,0,0,1,1,1,1,1,1,1,1,1,1,1,1,1,1,1,1,1,1,1,1,1,1,1,1,1,1,1,1,1,1,1,1,1,1,1,1,1,1,1,1,1,1,1,1,1,1,1,1,1,1,1,1,1,1,1,1,1,1,1,1,1,1,1,1,1,1,1,1,1,1,1,1,1,1,1,1,1,1,1,1,1,1,1,1,1,1,1,1,1,1,1,1,1,1,1,1
PARAM_Hand R1=0
PARAM_Hand R2=0
PARAM_Hand R3=0,0,0,0,0,0,0,0,0,0,0,0,0,0,0,0,0,0,0,0,0,0,0,0,0,0,0,0,0,0,0,0,0,0,0,1,1,1,1,1,1,1,1,1,1,1,1,1,1,1,1,1,1,1,1,1,1,1,1,1,1,1,1,1,1,1,1,1,1,1,1,1,1,1,1,1,1,1,1,1,1,1,0,0,0,0,0,0,0,0,0,0,0,0,0,0,0,0,0,0,0,0,0,0,0,0,0,0,0,0,0,0,0,0,0,0,0,0,0,0,0,0,0,0,0,0,0,0,0,0,0,0,0,0,0,0,0,0,0,0,0,0,0,0,0,0,0,0,0,0,0,0,0,0,0,0,0,0,0,0,0,0,0,0,0,0,0,0,0,0,0,0,0,0,0,0,0,0
PARAM_Hand_R8=1,1,1,1,1,1,1,1,1,1,1,1,1,1,1,1,1,1,1,1,1,1,1,1,1,1,1,1,1,1,1,1,1,1,1,0,0,0,0,0,0,0,0,0,0,0,0,0,0,0,0,0,0,0,0,0,0,0,0,0,0,0,0,0,0,0,0,0,0,0,0,0,0,0,0,0,0,0,0,0,0,0,1,1,1,1,1,1,1,1,1,1,1,1,1,1,1,1,1,1,1,1,1,1,1,1,1,1,1,1,1,1,1,1,1,1,1,1,1,1,1,1,1,1,1,1,1,1,1,1,1,1,1,1,1,1,1,1,1,1,1,1,1,1,1,1,1,1,1,1,1,1,1,1,1,1,1,1,1,1,1,1,1,1,1,1,1,1,1,1,1,1,1,1,1,1,1,1
PARAM_suprise=0
PARAM_mouth=1
PARAM_moveX=0
PARAM_moveY=0
PARAM_bodyS=0
PARAM_ruyao=0,0,0,0,0,0,0,0,0,0,0,0,0,0,0,0,0,0,0,0,0,0,0,0,0,0,0,0,0,0,0,0,0,0,-0.016,-0.05,-0.09,-0.14,-0.18,-0.21,-0.23,-0.24,-0.224,-0.19,-0.15,-0.1,-0.06,-0.03,-0.01,0,0,0,0,0,0,0,0,0,0,0,0,0,0,0,0,0,0,0,0,0,0,0,0,0,0,0,0,0,0,0,0,0,0,0,0,0,0,0,0,0,0,0,0,0,0,0,0,0,0,0,0,0,0,0,0,0,0,0,0,0,0,0,0,0,0,0,0,0,0,0,0,0,0,0,0,0,0,0,0,0,0,0,0,0,0,0,0,0,0,0,0,0,0,0,0,0,0,0,0,0,0,0,0,0,0,0,0,0,0,0,0,0,0,0,0,0,0,0,0,0,0,0,0,0,0,0,0,0
PARAM_jingli=0
PARAM_armFX=0
PARAM_arm=1