# Live2D Animator Motion Data
$fps=30

$fadein=1000

$fadeout=1000

PARAM_ANGLE_X=0,-0.06,-0.23,-0.5,-0.87,-1.3,-1.82,-2.39,-3.02,-3.69,-4.39,-5.12,-5.86,-6.63,-7.4,-8.17,-8.93,-9.67,-10.4,-11.09,-11.75,-12.35,-12.92,-13.44,-13.88,-14.27,-14.58,-14.81,-14.95,-15,-14.985,-14.94,-14.87,-14.77,-14.64,-14.49,-14.32,-14.11,-13.89,-13.64,-13.37,-13.07,-12.76,-12.42,-12.06,-11.69,-11.3,-10.89,-10.46,-10.01,-9.55,-9.08,-8.58,-8.09,-7.57,-7.05,-6.5,-5.96,-5.39,-4.83,-4.24,-3.67,-3.06,-2.47,-1.86,-1.26,-0.63,-0.02,0.61,1.22,1.86,2.48,3.11,3.74,4.36,4.98,5.61,6.22,6.84,7.45,8.05,8.65,9.24,9.82,10.4,10.97,11.52,12.07,12.61,13.13,13.64,14.14,14.63,15.09,15.53,15.94,16.33,16.69,17.02,17.34,17.63,17.9,18.15,18.38,18.59,18.79,18.96,19.12,19.26,19.39,19.5,19.6,19.69,19.76,19.83,19.88,19.93,19.96,19.99,20.01,20.025,20.034,20.038,20.04,20.036,20.031,20.025,20.018,20.012,20.006,20.002,20,19.82,19.31,18.53,17.49,16.26,14.88,13.37,11.81,10.21,8.6,7.05,5.6,4.24,3.04,1.99,1.15,0.52,0.13,0,0,0,0,0,0,0,0,0,0,0,0,0
PARAM_ANGLE_Y=0,-0.04,-0.13,-0.3,-0.51,-0.77,-1.08,-1.43,-1.81,-2.23,-2.66,-3.12,-3.59,-4.09,-4.59,-5.1,-5.61,-6.12,-6.63,-7.13,-7.62,-8.09,-8.55,-8.99,-9.4,-9.79,-10.14,-10.47,-10.75,-11,-11.23,-11.47,-11.7,-11.93,-12.16,-12.39,-12.63,-12.86,-13.08,-13.31,-13.54,-13.77,-13.99,-14.22,-14.44,-14.66,-14.88,-15.1,-15.32,-15.53,-15.75,-15.96,-16.18,-16.38,-16.59,-16.79,-17,-17.2,-17.4,-17.59,-17.79,-17.97,-18.17,-18.35,-18.53,-18.71,-18.89,-19.06,-19.24,-19.4,-19.57,-19.73,-19.89,-20.05,-20.2,-20.35,-20.49,-20.63,-20.77,-20.9,-21.03,-21.16,-21.28,-21.4,-21.51,-21.62,-21.72,-21.82,-21.92,-22.01,-22.1,-22.18,-22.25,-22.32,-22.39,-22.46,-22.51,-22.57,-22.62,-22.67,-22.71,-22.75,-22.79,-22.82,-22.85,-22.88,-22.9,-22.92,-22.941,-22.957,-22.971,-22.984,-22.994,-23.002,-23.009,-23.014,-23.017,-23.02,-23.021,-23.02,-23.021,-23.02,-23.018,-23.016,-23.013,-23.01,-23.008,-23.005,-23.003,-23.002,-23,-23,-22.79,-22.21,-21.31,-20.11,-18.7,-17.11,-15.37,-13.58,-11.74,-9.89,-8.11,-6.44,-4.88,-3.49,-2.29,-1.32,-0.6,-0.15,0,0,0,0,0,0,0,0,0,0,0,0,0
PARAM_ANGLE_Z=0,0.06,0.21,0.47,0.81,1.22,1.7,2.23,2.82,3.44,4.1,4.78,5.47,6.19,6.91,7.62,8.34,9.02,9.7,10.35,10.96,11.53,12.06,12.54,12.96,13.32,13.61,13.82,13.95,14,13.986,13.95,13.88,13.78,13.67,13.52,13.35,13.16,12.95,12.72,12.46,12.18,11.89,11.57,11.23,10.88,10.51,10.12,9.72,9.3,8.87,8.42,7.95,7.49,6.99,6.51,5.99,5.48,4.94,4.42,3.86,3.32,2.75,2.2,1.62,1.05,0.46,-0.11,-0.71,-1.29,-1.89,-2.48,-3.07,-3.66,-4.25,-4.84,-5.42,-6,-6.58,-7.16,-7.73,-8.29,-8.85,-9.4,-9.94,-10.48,-11,-11.52,-12.03,-12.52,-13,-13.48,-13.93,-14.37,-14.79,-15.18,-15.54,-15.88,-16.2,-16.5,-16.77,-17.03,-17.26,-17.48,-17.68,-17.86,-18.02,-18.17,-18.31,-18.43,-18.53,-18.63,-18.71,-18.78,-18.84,-18.89,-18.93,-18.97,-18.99,-19.012,-19.025,-19.033,-19.037,-19.04,-19.035,-19.03,-19.024,-19.017,-19.011,-19.005,-19.001,-19,-18.83,-18.35,-17.6,-16.61,-15.45,-14.13,-12.7,-11.22,-9.69,-8.17,-6.7,-5.32,-4.03,-2.89,-1.89,-1.09,-0.5,-0.13,0,0,0,0,0,0,0,0,0,0,0,0,0
PARAM_BROW_L_Y=0
PARAM_BROW_R_Y=0
PARAM_BROW_L_X=0
PARAM_BROW_R_X=0
PARAM_eyebrow Change=0
PARAM_eyebrow2 Rotate=0
PARAM_EYE_L_OPEN=1,1,1,1,1,1,1,1,1,1,1,1,1,1,1,1,1,1,1,1,1,1,1,1,1,1,1,1,1,1,1,1,1,1,1,1,1,1,1,1,1,1,0.27,0,0.26,0.74,1,1,1,1,1,1,1,1,1,1,1,1,1,1,1,1,1,1,1,1,1,1,1,1,1,1,1,0.27,0,0.26,0.74,1,1,1,0.27,0,0.26,0.74,1,1,1,1,1,1,1,1,1,1,1,1,1,1,1,1,1,1,1,1,1,1,1,1,1,1,1,1,1,1,1,1,1,1,1,1,1,1,1,1,1,1,1,1,1,1,1,1,1,1,1,1,1,1,1,1,1,1,1,1,1,1,1,1,1,1,1,1,1,1,1,1,1,1,1,1,1,1,1
PARAM_EYE_R_OPEN=1,1,1,1,1,1,1,1,1,1,1,1,1,1,1,1,1,1,1,1,1,1,1,1,1,1,1,1,1,1,1,1,1,1,1,1,1,1,1,1,1,1,0.27,0,0.26,0.74,1,1,1,1,1,1,1,1,1,1,1,1,1,1,1,1,1,1,1,1,1,1,1,1,1,1,1,0.27,0,0.26,0.74,1,1,1,0.27,0,0.26,0.74,1,1,1,1,1,1,1,1,1,1,1,1,1,1,1,1,1,1,1,1,1,1,1,1,1,1,1,1,1,1,1,1,1,1,1,1,1,1,1,1,1,1,1,1,1,1,1,1,1,1,1,1,1,1,1,1,1,1,1,1,1,1,1,1,1,1,1,1,1,1,1,1,1,1,1,1,1,1,1
PARAM_Smile eye=0
PARAM_Angry eye=0
PARAM_EYE_BALL_X=0,0,0,0,0,0,0,0,0,0,0,0,0,-0.001,0,0,0,-0.002,0,0,-0.003,0,0,-0.004,0,-0.006,-0.006,-0.01,-0.008,-0.008,-0.009,-0.01,-0.01,-0.012,-0.013,-0.014,-0.015,-0.016,-0.018,-0.019,-0.02,-0.022,-0.023,-0.025,-0.026,-0.028,-0.03,-0.032,-0.034,-0.036,-0.038,-0.04,-0.046,-0.057,-0.075,-0.1,-0.12,-0.15,-0.19,-0.22,-0.26,-0.29,-0.33,-0.37,-0.4,-0.43,-0.47,-0.49,-0.52,-0.54,-0.557,-0.57,-0.577,-0.58,-0.31,0.13,0.54,0.84,0.95,0.948,0.941,0.931,0.918,0.902,0.884,0.86,0.84,0.82,0.79,0.77,0.74,0.71,0.68,0.65,0.61,0.58,0.55,0.52,0.49,0.47,0.44,0.41,0.39,0.37,0.34,0.32,0.3,0.28,0.258,0.239,0.221,0.203,0.187,0.171,0.156,0.141,0.128,0.115,0.103,0.092,0.081,0.071,0.062,0.053,0.045,0.038,0.031,0.025,0.02,0.015,0.011,0.008,0.005,0.003,0.001,0,0,0,0,0,0,0,0,0,0,0,0,0,0,0,0,0,0,0,0,0,0,0,0,0,0,0,0
PARAM_EYE_BALL_Y=0,0,-0.003,-0.006,-0.011,-0.017,-0.024,-0.032,-0.042,-0.052,-0.063,-0.075,-0.088,-0.102,-0.116,-0.131,-0.147,-0.163,-0.18,-0.197,-0.215,-0.232,-0.251,-0.269,-0.287,-0.306,-0.324,-0.343,-0.361,-0.379,-0.398,-0.415,-0.433,-0.45,-0.467,-0.483,-0.499,-0.514,-0.528,-0.542,-0.555,-0.567,-0.578,-0.588,-0.598,-0.606,-0.613,-0.619,-0.624,-0.627,-0.629,-0.63,-0.623,-0.605,-0.57,-0.53,-0.49,-0.43,-0.37,-0.31,-0.24,-0.17,-0.1,-0.03,0.04,0.1,0.16,0.21,0.26,0.3,0.34,0.36,0.375,0.38,0.3,0.16,0.03,-0.09,-0.17,-0.24,-0.3,-0.35,-0.39,-0.43,-0.46,-0.48,-0.497,-0.512,-0.523,-0.531,-0.536,-0.539,-0.54,-0.539,-0.536,-0.532,-0.526,-0.519,-0.511,-0.501,-0.49,-0.478,-0.465,-0.451,-0.436,-0.421,-0.405,-0.388,-0.371,-0.354,-0.336,-0.318,-0.3,-0.281,-0.263,-0.245,-0.227,-0.209,-0.191,-0.174,-0.157,-0.14,-0.125,-0.11,-0.095,-0.081,-0.068,-0.056,-0.045,-0.035,-0.026,-0.019,-0.012,-0.007,-0.003,-0.001,0,0,0,0,0,0,0,0,0,0,0,0,0,0,0,0,0,0,0,0,0,0,0,0,0,0,0
PARAM_MOUTH_FORM=0,0.013,0.05,0.1,0.18,0.26,0.35,0.45,0.55,0.65,0.74,0.82,0.9,0.95,0.99,1,1,1,0.999,0.998,0.997,0.995,0.994,0.992,0.99,0.987,0.984,0.982,0.978,0.975,0.971,0.968,0.964,0.959,0.955,0.95,0.945,0.94,0.935,0.929,0.923,0.917,0.911,0.905,0.898,0.891,0.884,0.877,0.869,0.862,0.854,0.846,0.838,0.83,0.821,0.812,0.803,0.794,0.785,0.775,0.766,0.756,0.746,0.736,0.726,0.715,0.704,0.694,0.683,0.672,0.66,0.649,0.637,0.625,0.614,0.602,0.589,0.577,0.565,0.552,0.539,0.526,0.513,0.5,0.487,0.473,0.46,0.446,0.432,0.418,0.404,0.389,0.375,0.36,0.346,0.332,0.318,0.305,0.292,0.279,0.267,0.255,0.243,0.232,0.221,0.21,0.2,0.19,0.18,0.171,0.161,0.153,0.144,0.136,0.128,0.12,0.112,0.105,0.098,0.092,0.085,0.079,0.073,0.068,0.062,0.057,0.053,0.048,0.044,0.039,0.036,0.032,0.028,0.025,0.022,0.019,0.017,0.014,0.012,0.01,0.008,0.007,0.005,0.004,0.003,0,0.001,0.001,0,0,0,0,0,0,0,0,0,0,0,0,0,0,0
PARAM_MOUTH_OPEN_Y=0,0.003,0.012,0.026,0.044,0.07,0.09,0.11,0.14,0.16,0.18,0.21,0.224,0.238,0.247,0.25,0.25,0.25,0.249,0.247,0.246,0.244,0.242,0.24,0.237,0.235,0.231,0.228,0.225,0.221,0.217,0.213,0.209,0.204,0.2,0.195,0.19,0.185,0.18,0.175,0.17,0.164,0.159,0.153,0.148,0.142,0.136,0.131,0.125,0.119,0.114,0.108,0.102,0.097,0.091,0.086,0.08,0.075,0.07,0.065,0.06,0.055,0.05,0.046,0.041,0.037,0.033,0.029,0.025,0.022,0.019,0.015,0.013,0.01,0.008,0.006,0.004,0.003,0.001,0.001,0,0,0.03,0.11,0.22,0.35,0.49,0.62,0.73,0.81,0.84,0.839,0.827,0.8,0.77,0.75,0.72,0.69,0.67,0.64,0.62,0.59,0.57,0.55,0.52,0.5,0.48,0.46,0.44,0.417,0.397,0.378,0.359,0.34,0.322,0.305,0.287,0.271,0.255,0.239,0.224,0.21,0.195,0.182,0.168,0.156,0.144,0.132,0.121,0.11,0.1,0.09,0.081,0.072,0.064,0.056,0.049,0.042,0.036,0.03,0.025,0.02,0.016,0.012,0.009,0.006,0.004,0.002,0.001,0,0,0,0,0,0,0,0,0,0,0,0,0,0
PARAM_Mouth=0,-0.013,-0.05,-0.1,-0.18,-0.26,-0.35,-0.45,-0.55,-0.65,-0.74,-0.82,-0.9,-0.95,-0.99,-1,-1,-1,-0.999,-0.998,-0.997,-0.995,-0.994,-0.992,-0.99,-0.987,-0.984,-0.982,-0.978,-0.975,-0.971,-0.968,-0.964,-0.959,-0.955,-0.95,-0.945,-0.94,-0.935,-0.929,-0.923,-0.917,-0.911,-0.905,-0.898,-0.891,-0.884,-0.877,-0.869,-0.862,-0.854,-0.846,-0.838,-0.83,-0.821,-0.812,-0.803,-0.794,-0.785,-0.775,-0.766,-0.756,-0.746,-0.736,-0.726,-0.715,-0.704,-0.694,-0.683,-0.672,-0.66,-0.649,-0.637,-0.625,-0.614,-0.602,-0.589,-0.577,-0.565,-0.552,-0.539,-0.526,-0.513,-0.5,-0.487,-0.473,-0.46,-0.446,-0.432,-0.418,-0.404,-0.389,-0.375,-0.36,-0.346,-0.332,-0.318,-0.305,-0.292,-0.279,-0.267,-0.255,-0.243,-0.232,-0.221,-0.21,-0.2,-0.19,-0.18,-0.171,-0.161,-0.153,-0.144,-0.136,-0.128,-0.12,-0.112,-0.105,-0.098,-0.092,-0.085,-0.079,-0.073,-0.068,-0.062,-0.057,-0.053,-0.048,-0.044,-0.039,-0.036,-0.032,-0.028,-0.025,-0.022,-0.019,-0.017,-0.014,-0.012,-0.01,-0.008,-0.007,-0.005,-0.004,-0.003,0,-0.001,-0.001,0,0,0,0,0,0,0,0,0,0,0,0,0,0,0
PARAM_Mouth Angle=0
PARAM_CHEEK=1
PARAM_BODY_ANGLE_X=0,-0.09,-0.34,-0.73,-1.23,-1.82,-2.47,-3.15,-3.85,-4.53,-5.18,-5.77,-6.27,-6.66,-6.91,-7,-6.989,-6.96,-6.91,-6.84,-6.75,-6.65,-6.53,-6.4,-6.25,-6.08,-5.91,-5.72,-5.53,-5.32,-5.11,-4.89,-4.66,-4.43,-4.19,-3.95,-3.7,-3.45,-3.2,-2.95,-2.7,-2.45,-2.21,-1.97,-1.72,-1.48,-1.25,-1.03,-0.81,-0.59,-0.39,-0.19,0,0.2,0.39,0.56,0.71,0.86,0.99,1.11,1.22,1.32,1.41,1.5,1.57,1.64,1.7,1.75,1.79,1.83,1.87,1.9,1.92,1.94,1.958,1.971,1.981,1.989,1.994,1.997,1.999,2,2,2,2,1.91,1.7,1.43,1.13,0.82,0.54,0.28,0.08,-0.12,-0.31,-0.5,-0.68,-0.85,-1.02,-1.19,-1.34,-1.5,-1.65,-1.79,-1.93,-2.06,-2.19,-2.31,-2.43,-2.54,-2.65,-2.76,-2.86,-2.95,-3.04,-3.13,-3.21,-3.29,-3.36,-3.43,-3.49,-3.55,-3.61,-3.66,-3.71,-3.75,-3.79,-3.83,-3.86,-3.89,-3.92,-3.94,-3.959,-3.974,-3.985,-3.994,-3.998,-4,-3.92,-3.71,-3.38,-2.98,-2.53,-2.06,-1.59,-1.16,-0.77,-0.45,-0.2,-0.05,0,0,0,0,0,0,0,0,0,0,0,0,0
PARAM_BODY_ANGLE_Z=0
PARAM_BREATH=0,0.002,0.006,0.014,0.024,0.037,0.051,0.067,0.084,0.103,0.123,0.14,0.16,0.19,0.21,0.23,0.25,0.271,0.29,0.31,0.329,0.346,0.362,0.376,0.389,0.4,0.408,0.415,0.419,0.42,0.42,0.42,0.42,0.419,0.418,0.417,0.416,0.414,0.413,0.411,0.41,0.408,0.406,0.404,0.401,0.399,0.396,0.394,0.391,0.388,0.385,0.382,0.379,0.375,0.372,0.368,0.365,0.361,0.357,0.353,0.349,0.345,0.341,0.337,0.333,0.329,0.324,0.32,0.315,0.311,0.306,0.302,0.297,0.292,0.288,0.283,0.278,0.274,0.269,0.264,0.26,0.255,0.25,0.245,0.241,0.236,0.231,0.226,0.222,0.217,0.213,0.208,0.203,0.199,0.195,0.191,0.187,0.183,0.18,0.176,0.173,0.17,0.167,0.164,0.161,0.159,0.156,0.154,0.151,0.149,0.146,0.144,0.142,0.14,0.137,0.135,0.133,0.13,0.128,0.126,0.123,0.121,0.118,0.115,0.113,0.11,0.107,0.104,0.101,0.097,0.094,0.09,0.086,0.081,0.075,0.069,0.063,0.056,0.05,0.043,0.037,0.031,0.025,0.02,0.015,0.01,0.007,0.004,0.002,0,0,0,0,0,0,0,0,0,0,0,0,0,0
PARAM_Bust Angle X=0
PARAM_Bust Angle Y=0
PARAM_Arm LT Angle=0,0.08,0.3,0.66,1.1,1.64,2.22,2.84,3.46,4.08,4.66,5.2,5.64,6,6.22,6.3,6.18,5.87,5.41,4.85,4.22,3.56,2.9,2.26,1.66,1.11,0.66,0.31,0.08,0,0,0,0,0,0,0,0,0,0,0,0,0,0,0,0,0,0,0,0,0,0,0,0,0,0,0,0,0,0,0,0,0,0,0,0,0,0,0,0,0,0,0,0,0,0,0,0,0,0,0,0,0,0,0,0,0,0,0,0,0,0,0,0,0,0,0,0,0,0,0,0,0,0,0,0,0,0,0,0,0,0,0,0,0,0,0,0,0,0,0,0,0,0,0,0,0,0,0,0,0,0,0,0,0,0,0,0,0,0,0,0,0,0,0,0,0,0,0,0,0,0,0,0,0,0,0,0,0,0,0,0,0,0
PARAM_Arm RT Angle=0,0.04,0.14,0.3,0.5,0.75,1.02,1.32,1.63,1.94,2.25,2.54,2.81,3.06,3.25,3.4,3.52,3.64,3.75,3.86,3.97,4.08,4.19,4.29,4.39,4.49,4.58,4.68,4.77,4.86,4.95,5.03,5.11,5.19,5.27,5.35,5.43,5.5,5.57,5.64,5.7,5.77,5.83,5.89,5.95,6.01,6.06,6.12,6.17,6.22,6.27,6.31,6.36,6.4,6.44,6.48,6.52,6.55,6.59,6.62,6.65,6.68,6.71,6.74,6.77,6.79,6.81,6.83,6.853,6.872,6.889,6.905,6.92,6.933,6.945,6.956,6.965,6.973,6.981,6.987,6.991,6.995,6.998,6.999,7,6.77,6.26,5.62,4.93,4.29,3.72,3.3,3.06,2.9,2.76,2.61,2.47,2.34,2.21,2.08,1.96,1.84,1.73,1.62,1.52,1.42,1.32,1.23,1.14,1.05,0.97,0.9,0.82,0.75,0.69,0.62,0.56,0.51,0.45,0.4,0.36,0.31,0.27,0.24,0.2,0.17,0.14,0.12,0.09,0.07,0.056,0.041,0.028,0.018,0.01,0.004,0.001,0,0,0,0,0,0,0,0,0,0,0,0,0,0,0,0,0,0,0,0,0,0,0,0,0,0
PARAM_Arm LB Agle=0,0.011,0.04,0.09,0.15,0.22,0.3,0.38,0.47,0.55,0.63,0.7,0.76,0.81,0.84,0.85,0.85,0.85,0.85,0.85,0.85,0.85,0.85,0.85,0.85,0.85,0.85,0.85,0.85,0.85,0.85,0.85,0.85,0.85,0.85,0.85,0.85,0.85,0.85,0.85,0.85,0.85,0.85,0.85,0.85,0.85,0.85,0.85,0.85,0.85,0.85,0.85,0.85,0.85,0.85,0.85,0.85,0.85,0.85,0.85,0.85,0.85,0.85,0.85,0.85,0.85,0.85,0.85,0.85,0.85,0.85,0.85,0.85,0.85,0.85,0.85,0.85,0.85,0.85,0.85,0.85,0.85,0.85,0.85,0.85,0.85,0.85,0.85,0.85,0.85,0.85,0.85,0.85,0.85,0.85,0.85,0.85,0.85,0.85,0.85,0.85,0.85,0.85,0.85,0.85,0.85,0.85,0.85,0.85,0.85,0.85,0.85,0.85,0.85,0.85,0.85,0.85,0.85,0.85,0.85,0.85,0.85,0.85,0.85,0.85,0.85,0.85,0.85,0.85,0.85,0.85,0.85,0.85,0.85,0.85,0.85,0.85,0.85,0.833,0.79,0.72,0.63,0.54,0.44,0.34,0.25,0.16,0.1,0.04,0.01,0,0,0,0,0,0,0,0,0,0,0,0,0
PARAM_Arm RB Agle=0,0.01,0.04,0.08,0.14,0.21,0.28,0.36,0.44,0.52,0.59,0.66,0.72,0.76,0.79,0.8,0.799,0.798,0.795,0.792,0.788,0.783,0.778,0.773,0.768,0.763,0.758,0.753,0.748,0.744,0.74,0.737,0.734,0.732,0.73,0.73,0.73,0.73,0.73,0.73,0.73,0.73,0.73,0.73,0.73,0.73,0.73,0.73,0.73,0.73,0.73,0.73,0.73,0.73,0.73,0.73,0.73,0.73,0.73,0.73,0.73,0.73,0.73,0.73,0.73,0.73,0.73,0.73,0.73,0.73,0.73,0.73,0.73,0.73,0.73,0.73,0.73,0.73,0.73,0.73,0.73,0.73,0.73,0.73,0.73,0.73,0.73,0.73,0.73,0.73,0.73,0.73,0.73,0.73,0.73,0.73,0.73,0.73,0.73,0.73,0.73,0.73,0.73,0.73,0.73,0.73,0.73,0.73,0.73,0.73,0.73,0.73,0.73,0.73,0.73,0.73,0.73,0.73,0.73,0.73,0.73,0.73,0.73,0.73,0.73,0.73,0.73,0.73,0.73,0.73,0.73,0.73,0.73,0.73,0.73,0.73,0.73,0.73,0.715,0.68,0.62,0.54,0.46,0.38,0.29,0.21,0.14,0.08,0.04,0.01,0,0,0,0,0,0,0,0,0,0,0,0,0
PARAM_Arm L hand=0
PARAM_Arm R hand=0
PARAM_Hair Twist L=0
PARAM_Hair Twist R=0
PARAM_Hairfront_vive=0,0,0,0,0,0,0,0,0,0,0,0,0,0,0,0,0,0,0,0,0,0,0,0,0,0,0,0,0,0,0,0,0,0,0,0,0,0,0,0,0,0,0,0,0,0,0,0,0,0,0,0,0,0,0,0,0,0,0,0,0,0,0,0,0,0,0,0,0,0,0,0,0,0,0,0,0,0,0,0,0,0,0,0,0,0,0,0,0,0,0,0,0,0,0,0,0,0,0,0,0,0,0,0,0,0,0,0,0,0,0,0,0,0,0,0,0,0,0,0,0,0,0,0,0,0,0,0,0,0,0,0,0,0,0,0,0,0,-0.013,-0.05,-0.1,-0.16,-0.23,-0.31,-0.38,-0.45,-0.51,-0.56,-0.6,-0.62,-0.63,-0.55,-0.37,-0.14,0.08,0.26,0.37,0.41,0.34,0.22,0.11,0.03,0
PARAM_Hand L1=0
PARAM_Hand L2=0
PARAM_Hand L3=1
PARAM_HL4=0
PARAM_HL5=0
PARAM_HL6=0
PARAM_HL7=0
PARAM_Hand_L8=0
PARAM_Hand_L9=0
PARAM_Hand R1=0
PARAM_Hand R2=0
PARAM_Hand R3=1
PARAM_HR4=0
PARAM_HR5=0
PARAM_HR6=0
PARAM_HR7=0
PARAM_Hand_R8=0
PARAM_Hand_R9=0
PARAM_moveX=0
PARAM_moveY=0
PARAM_bodyS=0
PARAM_shangxia=0
PARAM_eyeFX=0
PARAM_deng_moveX=0
PARAM_deng_moveY=0,0,0,0,0,0,0,0,0,0,0,0,0,0,0,0,0,0,0,0,0,0,0,0,0,0,0,0,0,0,0,0,0,0,0,0,0,0,0,0,0,0,0,0,0,0,0,0,0,0,0,0,0,0,0,0,0,0,0,0,0,0,0,0,0,0,0,0,0,0,0,0,0,0,0,0,0,0,0,0,0,0,0,0,0,0,0,0,0,0,0,0,0,0.04,0.17,0.37,0.65,1,1.42,1.91,2.46,3.07,3.74,4.47,5.25,6.08,6.95,7.86,8.81,9.81,10.83,11.88,12.97,14.08,15.21,16.35,17.52,18.68,19.88,21.05,22.26,23.44,24.65,25.82,27.01,28.18,29.33,30.47,31.59,32.69,33.76,34.81,35.82,36.8,37.75,38.66,39.53,40.36,41.13,41.86,42.54,43.17,43.73,44.25,44.7,45.09,45.41,45.67,45.85,45.96,46,46,46,46,46,46,46,46,46,46,46,46,46
PARAM_deng_moveZ=-1,-1,-1,-1,-1,-1,-1,-1,-1,-1,-1,-1,-1,-1,-1,-1,-1,-1,-1,-1,-1,-1,-1,-1,-1,-1,-1,-1,-1,-1,-1,-1,-1,-1,-1,-1,-1,-1,-1,-1,-1,-1,-1,-1,-1,-1,-1,-1,-1,-1,-1,-1,-1,-1,-1,-1,-1,-1,-1,-1,-1,-1,-1,-1,-1,-1,-1,-1,-1,-1,-1,-1,-1,-1,-1,-1,-1,-1,-1,-1,-1,-1,-1,-1,-1,-1,-1,-1,-1,-1,-1,-1,-1,-0.998,-0.993,-0.984,-0.972,-0.957,-0.938,-0.92,-0.89,-0.87,-0.84,-0.81,-0.77,-0.74,-0.7,-0.66,-0.62,-0.57,-0.53,-0.48,-0.44,-0.39,-0.34,-0.29,-0.24,-0.19,-0.14,-0.08,-0.03,0.02,0.07,0.12,0.17,0.23,0.28,0.32,0.37,0.42,0.47,0.51,0.56,0.6,0.64,0.68,0.72,0.75,0.79,0.82,0.85,0.88,0.9,0.92,0.943,0.96,0.974,0.985,0.993,0.998,1,1,1,1,1,1,1,1,1,1,1,1,1
PARAM_deng_qiehuan=0
PARAM_dengguang=0
PARAM_arm_LFX=0
PARAM_ear_FX=0
PARAM_hand_FX=0
PARAM_face_FX=0
PARAM_beixin_FX=0
PARAM_dengguang_FX=0
PARAM_handFX_move=0
PARAM_handFX_moveY=0
PARAM_handFX_moveZ=0
PARAM_ALL_moveZ=0
PARAM_kaideng=0
PARAM_dengxianshi=1