# Live2D Animator Motion Data
$fps=30

$fadein=1000

$fadeout=1000

PARAM_ANGLE_X=0,0,0,0,0,0,0,0,0,0,0,0,0,0,0,0,0,0,0,0,0,0,0,0,0,0,0,-0.003,-0.01,-0.022,-0.04,-0.06,-0.09,-0.12,-0.15,-0.18,-0.22,-0.27,-0.31,-0.36,-0.41,-0.46,-0.52,-0.57,-0.63,-0.69,-0.75,-0.81,-0.87,-0.93,-0.99,-1.05,-1.12,-1.18,-1.24,-1.29,-1.35,-1.41,-1.47,-1.52,-1.57,-1.62,-1.67,-1.71,-1.76,-1.8,-1.83,-1.87,-1.9,-1.92,-1.95,-1.965,-1.98,-1.991,-1.998,-2,-1.994,-1.975,-1.94,-1.9,-1.85,-1.79,-1.73,-1.65,-1.57,-1.48,-1.39,-1.3,-1.21,-1.11,-1.01,-0.92,-0.82,-0.72,-0.63,-0.54,-0.46,-0.38,-0.31,-0.24,-0.18,-0.13,-0.08,-0.05,-0.02,-0.005,0,0,0,0,0,0,0,0,0,0,0,0,0,0,0,0,0,0,0,0,0,0,0,0,0,0,0,0,0,0,0,0,0,0,0,0,0,0,0,0,0,0,0,0,0,0,0,0,0,0,0,0
PARAM_ANGLE_Y=0,0,0,0,0,0,0,0,0,0,0,0,0,0,0,0,0,0,0,0,0,0,0,0,0,0,0,2.86,7.44,11.71,14.8,16,15.04,12.62,9.34,5.51,1.53,-2.4,-6.12,-9.25,-11.77,-13.4,-14,-13.988,-13.95,-13.89,-13.81,-13.71,-13.58,-13.43,-13.27,-13.09,-12.88,-12.66,-12.43,-12.17,-11.91,-11.63,-11.33,-11.03,-10.71,-10.38,-10.04,-9.69,-9.33,-8.95,-8.58,-8.2,-7.81,-7.42,-7.02,-6.62,-6.22,-5.81,-5.41,-5,-4.59,-4.21,-3.84,-3.49,-3.17,-2.87,-2.58,-2.32,-2.07,-1.84,-1.63,-1.43,-1.25,-1.09,-0.94,-0.8,-0.68,-0.57,-0.47,-0.38,-0.31,-0.24,-0.19,-0.14,-0.1,-0.07,-0.04,-0.022,-0.009,-0.002,0,0,0,0,0,0,0,0,0,0,0,0,0,0,0,0,0,0,0,0,0,0,0,0,0,0,0,0,0,0,0,0,0,0,0,0,0,0,0,0,0,0,0,0,0,0,0,0,0,0,0,0
PARAM_ANGLE_Z=0,0,0,0,0,0,0,0,0,0,0,0,0,0,0,0,0,0,0,0,0,0,0,0,0,0,0,-0.37,-1.26,-2.35,-3.42,-4.27,-4.82,-5,-4.994,-4.975,-4.94,-4.9,-4.85,-4.78,-4.71,-4.62,-4.53,-4.42,-4.31,-4.19,-4.06,-3.92,-3.77,-3.61,-3.45,-3.28,-3.11,-2.93,-2.74,-2.55,-2.35,-2.16,-1.95,-1.74,-1.53,-1.31,-1.1,-0.88,-0.66,-0.43,-0.21,0.02,0.25,0.47,0.7,0.93,1.15,1.37,1.6,1.82,2.04,2.25,2.47,2.68,2.88,3.09,3.29,3.48,3.67,3.86,4.04,4.21,4.38,4.54,4.69,4.84,4.98,5.11,5.24,5.35,5.46,5.56,5.65,5.73,5.8,5.86,5.91,5.95,5.98,5.994,6,5.97,5.88,5.74,5.56,5.33,5.07,4.77,4.45,4.12,3.77,3.41,3.04,2.68,2.33,1.98,1.65,1.34,1.05,0.79,0.56,0.37,0.21,0.1,0.02,0,0,0,0,0,0,0,0,0,0,0,0,0,0,0,0,0,0,0,0,0,0,0,0,0,0,0
PARAM_BROW_L_Y=0
PARAM_BROW_R_Y=0
PARAM_BROW_L_X=0
PARAM_BROW_R_X=0
PARAM_eyebrow Change=0.5,0.5,0.5,0.5,0.5,0.5,0.5,0.5,0.5,0.5,0.5,0.5,0.62,0.82,0.96,1,1,1,1,1,1,1,1,1,1,1,1,1,1,1,1,1,1,1,1,1,1,1,1,1,1,1,1,1,1,1,1,1,1,1,1,1,1,1,1,1,1,1,1,1,1,1,1,1,1,1,1,1,1,1,1,1,1,1,1,1,1,1,1,1,1,1,1,1,1,1,1,1,1,1,1,1,1,1,1,1,1,1,1,1,1,1,1,1,1,1,1,0.64,0.5,0.5,0.5,0.5,0.5,0.5,0.5,0.5,0.5,0.5,0.5,0.5,0.5,0.5,0.5,0.5,0.5,0.5,0.5,0.5,0.5,0.5,0.5,0.5,0.5,0.5,0.5,0.5,0.5,0.5,0.5,0.5,0.5,0.5,0.5,0.5,0.5,0.5,0.5,0.5,0.5,0.5,0.5,0.5,0.5,0.5,0.5,0.5,0.5,0.5
PARAM_EYE_L_OPEN=1
PARAM_EYE_R_OPEN=1
PARAM_Smile eye=0
PARAM_Angry eye=0,0,0,0,0,0,0,0,0,0,0,0,0.24,0.63,0.89,0.98,0.98,0.98,0.98,0.98,0.98,0.98,0.98,0.98,0.98,0.98,0.98,0.98,0.98,0.98,0.98,0.98,0.98,0.98,0.98,0.98,0.98,0.98,0.98,0.98,0.98,0.98,0.98,0.98,0.98,0.98,0.98,0.98,0.98,0.98,0.98,0.98,0.98,0.98,0.98,0.98,0.98,0.98,0.98,0.98,0.98,0.98,0.98,0.98,0.98,0.98,0.98,0.98,0.98,0.98,0.98,0.98,0.98,0.98,0.98,0.98,0.98,0.98,0.98,0.98,0.98,0.98,0.98,0.98,0.98,0.98,0.98,0.98,0.98,0.98,0.98,0.98,0.98,0.98,0.98,0.98,0.98,0.98,0.98,0.98,0.98,0.98,0.98,0.98,0.98,0.98,0.98,0.975,0.961,0.94,0.91,0.87,0.83,0.78,0.73,0.67,0.62,0.56,0.5,0.44,0.38,0.32,0.27,0.22,0.17,0.13,0.09,0.06,0.03,0.016,0.004,0,0,0,0,0,0,0,0,0,0,0,0,0,0,0,0,0,0,0,0,0,0,0,0,0,0,0
PARAM_EYE_BALL_X=0,0,0,0,0,0,0,0,0,0,0,0,0,0,0,0,0,0,0,0,0,0,0,0,0,0,0,0,0,0,0,0,0,0,0,0,0,0,0,0,0,0,0,0,0.002,0.004,0.006,0.01,0.014,0.018,0.023,0.029,0.035,0.042,0.049,0.057,0.066,0.074,0.084,0.093,0.103,0.114,0.125,0.136,0.148,0.16,0.174,0.186,0.196,0.205,0.213,0.219,0.224,0.229,0.232,0.235,0.237,0.239,0.24,0.24,0.23,0.2,0.16,0.12,0.07,0.03,-0.01,-0.04,-0.05,-0.05,-0.048,-0.046,-0.044,-0.041,-0.037,-0.033,-0.029,-0.025,-0.021,-0.017,-0.013,-0.009,-0.006,-0.004,-0.002,0,0,0,0,0,0,0,0,0,0,0,0,0,0,0,0,0,0,0,0,0,0,0,0,0,0,0,0,0,0,0,0,0,0,0,0,0,0,0,0,0,0,0,0,0,0,0,0,0,0,0,0,0
PARAM_EYE_BALL_Y=0,0,0,0,0,0,0,0,0,0,0,0,0.002,0.007,0.016,0.028,0.043,0.06,0.08,0.1,0.12,0.15,0.18,0.2,0.23,0.26,0.29,0.31,0.34,0.37,0.4,0.42,0.45,0.47,0.49,0.511,0.528,0.543,0.556,0.566,0.574,0.578,0.58,0.58,0.579,0.577,0.575,0.571,0.567,0.561,0.554,0.545,0.535,0.523,0.51,0.494,0.476,0.457,0.44,0.41,0.38,0.36,0.32,0.29,0.25,0.21,0.15,0.09,0.01,-0.06,-0.14,-0.22,-0.29,-0.36,-0.42,-0.47,-0.52,-0.55,-0.57,-0.58,-0.54,-0.44,-0.3,-0.13,0.05,0.22,0.36,0.46,0.5,0.496,0.483,0.463,0.44,0.41,0.37,0.33,0.29,0.25,0.21,0.17,0.13,0.09,0.06,0.04,0.017,0.004,0,0,0,0,0,0,0,0,0,0,0,0,0,0,0,0,0,0,0,0,0,0,0,0,0,0,0,0,0,0,0,0,0,0,0,0,0,0,0,0,0,0,0,0,0,0,0,0,0,0,0,0
PARAM_MOUTH_FORM=0,0,0,0,0,0,0,0,0,0,0,0,0.24,0.64,0.91,1,1,1,1,1,1,1,1,1,1,1,1,0.999,0.997,0.994,0.99,0.985,0.979,0.974,0.968,0.962,0.957,0.952,0.948,0.945,0.942,0.941,0.94,0.94,0.942,0.944,0.947,0.951,0.954,0.958,0.963,0.967,0.972,0.976,0.98,0.984,0.988,0.991,0.994,0.997,0.998,1,1,1,1,1,1,1,1,1,1,1,1,1,1,1,1,1,1,1,1,1,1,1,1,1,1,1,1,1,1,1,1,1,1,1,1,1,1,1,1,1,1,1,1,1,1,0.995,0.98,0.96,0.93,0.89,0.84,0.8,0.74,0.69,0.63,0.57,0.51,0.45,0.39,0.33,0.27,0.22,0.18,0.13,0.09,0.06,0.04,0.016,0.004,0,0,0,0,0,0,0,0,0,0,0,0,0,0,0,0,0,0,0,0,0,0,0,0,0,0,0
PARAM_MOUTH_OPEN_Y=0,0,0,0,0,0,0,0,0,0,0,0,0.24,0.64,0.91,1,1,1,1,1,1,1,1,1,1,1,1,0.999,0.997,0.994,0.99,0.985,0.979,0.974,0.968,0.962,0.957,0.952,0.948,0.945,0.942,0.941,0.94,0.94,0.942,0.944,0.947,0.951,0.954,0.958,0.963,0.967,0.972,0.976,0.98,0.984,0.988,0.991,0.994,0.997,0.998,1,1,1,1,1,1,1,1,1,1,1,1,1,1,1,1,1,1,1,1,1,1,1,1,1,1,1,1,1,1,1,1,1,1,1,1,1,1,1,1,1,1,1,1,1,1,0.995,0.98,0.96,0.93,0.89,0.84,0.8,0.74,0.69,0.63,0.57,0.51,0.45,0.39,0.33,0.27,0.22,0.18,0.13,0.09,0.06,0.04,0.016,0.004,0,0,0,0,0,0,0,0,0,0,0,0,0,0,0,0,0,0,0,0,0,0,0,0,0,0,0
PARAM_Mouth=0,0,0,0,0,0,0,0,0,0,0,0,-0.16,-0.43,-0.62,-0.68,-0.68,-0.68,-0.68,-0.68,-0.68,-0.68,-0.68,-0.68,-0.68,-0.68,-0.68,-0.68,-0.68,-0.681,-0.68,-0.682,-0.68,-0.68,-0.681,-0.679,-0.677,-0.673,-0.669,-0.663,-0.657,-0.649,-0.64,-0.62,-0.58,-0.52,-0.45,-0.37,-0.28,-0.18,-0.08,0.02,0.12,0.22,0.31,0.4,0.48,0.56,0.62,0.68,0.72,0.74,0.75,0.75,0.75,0.75,0.75,0.75,0.75,0.75,0.75,0.75,0.75,0.75,0.75,0.75,0.75,0.75,0.75,0.75,0.75,0.75,0.75,0.75,0.75,0.75,0.75,0.75,0.75,0.75,0.75,0.75,0.75,0.75,0.75,0.75,0.75,0.75,0.75,0.75,0.75,0.75,0.75,0.75,0.75,0.75,0.75,0.746,0.735,0.718,0.69,0.67,0.63,0.6,0.56,0.51,0.47,0.43,0.38,0.34,0.29,0.25,0.21,0.17,0.13,0.1,0.07,0.05,0.026,0.012,0.003,0,0,0,0,0,0,0,0,0,0,0,0,0,0,0,0,0,0,0,0,0,0,0,0,0,0,0
PARAM_Mouth Angle=0,0,0,0,0,0,0,0,0,0,0,0,0.18,0.49,0.69,0.76,0.76,0.76,0.76,0.76,0.76,0.76,0.76,0.76,0.76,0.76,0.76,0.76,0.76,0.761,0.76,0.76,0.76,0.76,0.76,0.758,0.756,0.752,0.748,0.743,0.736,0.729,0.72,0.704,0.68,0.65,0.61,0.56,0.52,0.47,0.42,0.37,0.32,0.27,0.22,0.17,0.13,0.09,0.06,0.04,0.017,0.004,0,0,0,0,0,0,0,0,0,0,0,0,0,0,0,0,0,0,0,0,0,0,0,0,0,0,0,0,0,0,0,0,0,0,0,0,0,0,0,0,0,0,0,0,0,0,0,0,0,0,0,0,0,0,0,0,0,0,0,0,0,0,0,0,0,0,0,0,0,0,0,0,0,0,0,0,0,0,0,0,0,0,0,0,0,0,0,0,0,0,0,0,0,0,0,0
PARAM_CHEEK=1
PARAM_BODY_ANGLE_X=0
PARAM_BODY_ANGLE_Z=0
PARAM_BREATH=0,0.006,0.023,0.04,0.07,0.1,0.12,0.15,0.17,0.185,0.196,0.2,0.197,0.19,0.179,0.165,0.148,0.129,0.11,0.09,0.071,0.052,0.035,0.021,0.01,0.003,0,0.02,0.09,0.18,0.28,0.39,0.49,0.58,0.64,0.69,0.7,0.698,0.694,0.687,0.677,0.665,0.651,0.635,0.617,0.598,0.58,0.56,0.53,0.51,0.49,0.46,0.44,0.41,0.39,0.36,0.34,0.32,0.29,0.27,0.25,0.23,0.211,0.193,0.177,0.163,0.151,0.14,0.131,0.125,0.121,0.12,0.122,0.126,0.133,0.142,0.154,0.168,0.183,0.2,0.218,0.238,0.259,0.28,0.3,0.33,0.35,0.37,0.4,0.42,0.44,0.47,0.49,0.51,0.53,0.55,0.574,0.592,0.609,0.625,0.638,0.65,0.661,0.669,0.675,0.679,0.68,0.677,0.667,0.651,0.63,0.6,0.57,0.54,0.5,0.47,0.43,0.39,0.34,0.3,0.26,0.22,0.19,0.15,0.12,0.09,0.06,0.04,0.024,0.011,0.003,0,0.003,0.013,0.026,0.042,0.058,0.074,0.087,0.097,0.1,0.097,0.087,0.074,0.058,0.042,0.026,0.013,0.003,0,0,0,0,0,0,0,0,0
PARAM_Bust Angle X=0
PARAM_Bust Angle Y=0
PARAM_Arm LT Angle=-5,-4.84,-4.44,-3.89,-3.25,-2.59,-1.93,-1.31,-0.79,-0.37,-0.1,0,0,0,0,0,0,0,0,0,0,0,0,0,0,0,0,0.009,0.03,0.07,0.12,0.18,0.24,0.31,0.37,0.44,0.5,0.56,0.61,0.65,0.68,0.694,0.7,0.7,0.7,0.7,0.7,0.7,0.7,0.7,0.7,0.7,0.7,0.7,0.7,0.7,0.7,0.7,0.7,0.7,0.7,0.7,0.7,0.7,0.7,0.7,0.7,0.7,0.7,0.7,0.7,0.7,0.7,0.7,0.7,0.7,0.7,0.7,0.7,0.7,0.7,0.7,0.7,0.7,0.7,0.7,0.7,0.7,0.7,0.7,0.7,0.7,0.7,0.7,0.7,0.7,0.7,0.7,0.7,0.7,0.7,0.7,0.7,0.7,0.7,0.7,0.7,0.696,0.686,0.67,0.65,0.62,0.59,0.56,0.52,0.48,0.44,0.4,0.36,0.31,0.27,0.23,0.19,0.16,0.12,0.09,0.07,0.04,0.025,0.011,0.003,0,0,0,0,0,0,0,0,0,0,-0.17,-0.63,-1.3,-2.09,-2.91,-3.7,-4.37,-4.83,-5,-5,-5,-5,-5,-5,-5,-5,-5
PARAM_Arm RT Angle=-5,-4.84,-4.44,-3.89,-3.25,-2.59,-1.93,-1.31,-0.79,-0.37,-0.1,0,0,0,0,0,0,0,0,0,0,0,0,0,0,0,0,0.03,0.1,0.22,0.37,0.54,0.73,0.92,1.12,1.32,1.5,1.67,1.82,1.94,2.03,2.08,2.1,2.1,2.1,2.1,2.1,2.1,2.1,2.1,2.1,2.1,2.1,2.1,2.1,2.1,2.1,2.1,2.1,2.1,2.1,2.1,2.1,2.1,2.1,2.1,2.1,2.1,2.1,2.1,2.1,2.1,2.1,2.1,2.1,2.1,2.1,2.1,2.1,2.1,2.1,2.1,2.1,2.1,2.1,2.1,2.1,2.1,2.1,2.1,2.1,2.1,2.1,2.1,2.1,2.1,2.1,2.1,2.1,2.1,2.1,2.1,2.1,2.1,2.1,2.1,2.1,2.089,2.06,2.01,1.94,1.87,1.77,1.67,1.56,1.44,1.32,1.19,1.07,0.94,0.81,0.69,0.58,0.47,0.37,0.28,0.2,0.13,0.07,0.03,0.01,0,0,0,0,0,0,0,0,0,0,-0.17,-0.63,-1.3,-2.09,-2.91,-3.7,-4.37,-4.83,-5,-5,-5,-5,-5,-5,-5,-5,-5
PARAM_Arm LB Agle=-1,-0.97,-0.89,-0.78,-0.65,-0.52,-0.39,-0.26,-0.16,-0.07,-0.02,0,0,0,0,0,0,0,0,0,0,0,0,0,0,0,0,0.01,0.04,0.08,0.14,0.21,0.28,0.36,0.44,0.51,0.59,0.65,0.71,0.76,0.79,0.81,0.82,0.82,0.82,0.82,0.82,0.82,0.82,0.82,0.82,0.82,0.82,0.82,0.82,0.82,0.82,0.82,0.82,0.82,0.82,0.82,0.82,0.82,0.82,0.82,0.82,0.82,0.82,0.82,0.82,0.82,0.82,0.82,0.82,0.82,0.82,0.82,0.82,0.82,0.82,0.82,0.82,0.82,0.82,0.82,0.82,0.82,0.82,0.82,0.82,0.82,0.82,0.82,0.82,0.82,0.82,0.82,0.82,0.82,0.82,0.82,0.82,0.82,0.82,0.82,0.82,0.816,0.804,0.785,0.76,0.73,0.69,0.65,0.61,0.56,0.51,0.47,0.42,0.37,0.32,0.27,0.23,0.18,0.14,0.11,0.08,0.05,0.03,0.013,0.003,0,0,0,0,0,0,0,0,0,0,-0.03,-0.13,-0.26,-0.42,-0.58,-0.74,-0.87,-0.97,-1,-1,-1,-1,-1,-1,-1,-1,-1
PARAM_Arm RB Agle=-1,-0.97,-0.89,-0.78,-0.65,-0.52,-0.39,-0.26,-0.16,-0.07,-0.02,0,0,0,0,0,0,0,0,0,0,0,0,0,0,0,0,0,0,0,0,0,0,0,0,0,0,0,0,0,0,0,0,0,0,0,0,0,0,0,0,0,0,0,0,0,0,0,0,0,0,0,0,0,0,0,0,0,0,0,0,0,0,0,0,0,0,0,0,0,0,0,0,0,0,0,0,0,0,0,0,0,0,0,0,0,0,0,0,0,0,0,0,0,0,0,0,0,0,0,0,0,0,0,0,0,0,0,0,0,0,0,0,0,0,0,0,0,0,0,0,0,0,0,0,0,0,0,0,0,0,-0.03,-0.13,-0.26,-0.42,-0.58,-0.74,-0.87,-0.97,-1,-1,-1,-1,-1,-1,-1,-1,-1
PARAM_Arm L hand=0
PARAM_Arm R hand=0
PARAM_Hair Twist L=0
PARAM_Hair Twist R=0
PARAM_Hairfront_vive=0,0,0,0,0,0,0,0,0,0,0,0,-0.04,-0.12,-0.23,-0.34,-0.44,-0.52,-0.58,-0.6,-0.588,-0.55,-0.49,-0.4,-0.28,-0.15,0,0.43,0.55,0.53,0.48,0.4,0.3,0.2,0.09,-0.03,-0.14,-0.24,-0.33,-0.41,-0.47,-0.51,-0.52,-0.517,-0.507,-0.491,-0.47,-0.45,-0.42,-0.39,-0.35,-0.32,-0.28,-0.24,-0.2,-0.17,-0.13,-0.1,-0.07,-0.05,-0.03,-0.013,-0.003,0,0,0,0,0,0,0,0,0,0,0,0,0,0,0,0,0,0,0,0,0,0,0,0,0,0,0,0,0,0,0,0,0,0,0,0,0,0,0,0,0,0,0,0,0.002,0.008,0.018,0.032,0.048,0.067,0.09,0.11,0.13,0.16,0.19,0.21,0.24,0.26,0.29,0.31,0.33,0.355,0.373,0.39,0.404,0.415,0.423,0.428,0.43,0.415,0.38,0.32,0.25,0.18,0.11,0.05,0.01,0,0,0,0,0,0,0,0,0,0,0,0,0,0,0,0,0,0
PARAM_Hand L1=0
PARAM_Hand L2=0
PARAM_Hand L3=0
PARAM_HL4=0
PARAM_Hand_L5=0,0,0,0,0,0,0,0,0,0,0,0,0,0,0,0,0,0,0,0,0,0,0,0,0,0,0,1,1,1,1,1,1,1,1,1,1,1,1,1,1,1,1,1,1,1,1,1,1,1,1,1,1,1,1,1,1,1,1,1,1,1,1,1,1,1,1,1,1,1,1,1,1,1,1,1,1,1,1,1,1,1,1,1,1,1,1,1,1,1,1,1,1,1,1,1,1,1,1,1,1,1,1,1,1,1,1,1,1,1,1,1,1,1,1,1,1,1,1,0,0,0,0,0,0,0,0,0,0,0,0,0,0,0,0,0,0,0,0,0,0,0,0,0,0,0,0,0,0,0,0,0,0,0,0,0,0,0
PARAM_Hand_L8=1,1,1,1,1,1,1,1,1,1,1,1,1,1,1,1,1,1,1,1,1,1,1,1,1,1,1,0,0,0,0,0,0,0,0,0,0,0,0,0,0,0,0,0,0,0,0,0,0,0,0,0,0,0,0,0,0,0,0,0,0,0,0,0,0,0,0,0,0,0,0,0,0,0,0,0,0,0,0,0,0,0,0,0,0,0,0,0,0,0,0,0,0,0,0,0,0,0,0,0,0,0,0,0,0,0,0,0,0,0,0,0,0,0,0,0,0,0,0,1,1,1,1,1,1,1,1,1,1,1,1,1,1,1,1,1,1,1,1,1,1,1,1,1,1,1,1,1,1,1,1,1,1,1,1,1,1,1
PARAM_Hand R1=0
PARAM_Hand R2=0,0,0,0,0,0,0,0,0,0,0,0,0,0,0,0,0,0,0,0,0,0,0,0,0,0,0,1,1,1,1,1,1,1,1,1,1,1,1,1,1,1,1,1,1,1,1,1,1,1,1,1,1,1,1,1,1,1,1,1,1,1,1,1,1,1,1,1,1,1,1,1,1,1,1,1,1,1,1,1,1,1,1,1,1,1,1,1,1,1,1,1,1,1,1,1,1,1,1,1,1,1,1,1,1,1,1,1,1,1,1,1,1,1,1,1,1,1,1,0,0,0,0,0,0,0,0,0,0,0,0,0,0,0,0,0,0,0,0,0,0,0,0,0,0,0,0,0,0,0,0,0,0,0,0,0,0,0
PARAM_Hand R3=0
PARAM_Hand_R8=1,1,1,1,1,1,1,1,1,1,1,1,1,1,1,1,1,1,1,1,1,1,1,1,1,1,1,0,0,0,0,0,0,0,0,0,0,0,0,0,0,0,0,0,0,0,0,0,0,0,0,0,0,0,0,0,0,0,0,0,0,0,0,0,0,0,0,0,0,0,0,0,0,0,0,0,0,0,0,0,0,0,0,0,0,0,0,0,0,0,0,0,0,0,0,0,0,0,0,0,0,0,0,0,0,0,0,0,0,0,0,0,0,0,0,0,0,0,0,1,1,1,1,1,1,1,1,1,1,1,1,1,1,1,1,1,1,1,1,1,1,1,1,1,1,1,1,1,1,1,1,1,1,1,1,1,1,1
PARAM_suprise=0,0,0,0,0,0,0,0,0,0,0,0,0,0,0,0,0,0,0,0,0,0,0,0,0,0,0,1,1,1,1,1,1,1,1,1,1,1,1,1,1,1,1,1,1,1,1,1,1,1,1,1,1,1,1,1,1,1,1,1,1,1,1,1,1,1,1,1,1,1,1,1,1,1,1,1,1,1,1,1,1,1,1,1,1,1,1,1,1,1,1,1,1,1,1,1,1,1,1,1,1,1,1,1,1,1,1,0,0,0,0,0,0,0,0,0,0,0,0,0,0,0,0,0,0,0,0,0,0,0,0,0,0,0,0,0,0,0,0,0,0,0,0,0,0,0,0,0,0,0,0,0,0,0,0,0,0,0
PARAM_mouth=1
PARAM_moveX=0
PARAM_moveY=0,0,0,0,0,0,0,0,0,0,0,0,0.24,0.64,0.91,1,0.74,0.26,0,0.24,0.64,0.91,1,0.76,0.36,0.09,0,0,0,0,0,-0.15,-0.52,-1,-1.48,-1.85,-2,-2,-2,-2,-2,-2,-2,-2,-2,-2,-2,-2,-2,-2,-2,-2,-2,-2,-2,-2,-2,-2,-2,-2,-2,-2,-2,-2,-2,-2,-2,-2,-2,-2,-2,-2,-2,-2,-2,-2,-2,-2,-2,-2,-2,-2,-2,-2,-2,-2,-2,-2,-2,-2,-2,-2,-2,-2,-2,-2,-2,-2,-2,-2,-2,-2,-2,-2,-2,-2,-2,-1.99,-1.96,-1.91,-1.85,-1.78,-1.69,-1.59,-1.48,-1.37,-1.26,-1.14,-1.01,-0.89,-0.78,-0.66,-0.55,-0.45,-0.35,-0.26,-0.19,-0.12,-0.07,-0.03,-0.01,0,0,0,0,0,0,0,0,0,0,0,0,0,0,0,0,0,0,0,0,0,0,0,0,0,0,0
PARAM_bodyS=0,0,0,0,0,0,0,0,0,0,0,0,0,0,0,0,0,0,0,0,0,0,0,0,0,0,0,-0.1,-0.37,-0.76,-1.21,-1.68,-2.11,-2.48,-2.76,-2.94,-3,-3,-3,-3,-3,-3,-3,-3,-3,-3,-3,-3,-3,-3,-3,-3,-3,-3,-3,-3,-3,-3,-3,-3,-3,-3,-3,-3,-3,-3,-3,-3,-3,-3,-3,-3,-3,-3,-3,-3,-3,-3,-3,-3,-3,-3,-3,-3,-3,-3,-3,-3,-3,-3,-3,-3,-3,-3,-3,-3,-3,-3,-3,-3,-3,-3,-3,-3,-3,-3,-3,-2.985,-2.94,-2.87,-2.78,-2.66,-2.53,-2.39,-2.23,-2.06,-1.88,-1.71,-1.52,-1.34,-1.16,-0.99,-0.82,-0.67,-0.53,-0.4,-0.28,-0.18,-0.11,-0.05,-0.01,0,0,0,0,0,0,0,0,0,0,0,0,0,0,0,0,0,0,0,0,0,0,0,0,0,0,0
PARAM_ruyao=0,0,0,0,0,0,0,0,0,0,0,0,-0.05,-0.14,-0.22,-0.28,-0.3,-0.1,0.26,0.46,0.28,-0.02,-0.22,-0.29,-0.21,-0.08,0,-0.012,-0.05,-0.09,-0.15,-0.21,-0.27,-0.31,-0.35,-0.36,-0.3,-0.16,0.01,0.17,0.31,0.39,0.42,0.3,0.12,-0.06,-0.18,-0.23,-0.19,-0.12,-0.06,-0.02,0,0,0,0,0,0,0,0,0,0,0,0,0,0,0,0,0,0,0,0,0,0,0,0,0,0,0,0,0,0,0,0,0,0,0,0,0,0,0,0,0,0,0,0,0,0,0,0,0,0,0,0,0,0,0,0,0,0,0,0,0,0,0,0,0,0,0,0,0,0,0,0,0,0,0,0,0,0,0,0,0,0,0,0,0,0,0,0,0,0,0,0,0,0,0,0,0,0,0,0,0,0,0,0,0,0
PARAM_jingli=0
PARAM_armFX=0
PARAM_arm=1