# Live2D Animator Motion Data
$fps=30

PARAM_ANGLE_X=0,0.19,0.69,1.41,2.31,3.3,4.34,5.4,6.42,7.37,8.24,8.95,9.51,9.87,10,9.96,9.83,9.63,9.37,9.06,8.71,8.32,7.92,7.5,7.08,6.68,6.29,5.94,5.63,5.37,5.17,5.04,5,5,5,5,5,5,5,5,5,5,5,5,5,5,5.016,5.06,5.14,5.24,5.37,5.52,5.69,5.88,6.08,6.29,6.52,6.76,7,7.25,7.5,7.75,8,8.24,8.48,8.71,8.92,9.12,9.31,9.48,9.63,9.76,9.86,9.94,9.98,10,9.96,9.83,9.63,9.37,9.06,8.71,8.32,7.92,7.5,7.08,6.68,6.29,5.94,5.63,5.37,5.17,5.04,5,5,5,5,5,5,5,5,5,5,5,5,5,5,4.94,4.76,4.48,4.12,3.7,3.24,2.75,2.25,1.76,1.3,0.88,0.52,0.24,0.06,0,0,0,0,0,0,0,0,0,0,0,0,0,0
PARAM_ANGLE_Y=0,0,0,0,0,0,0,0,0,0,0,0,0,0,0,-0.08,-0.31,-0.67,-1.14,-1.69,-2.33,-3.02,-3.75,-4.5,-5.25,-5.98,-6.67,-7.31,-7.86,-8.33,-8.69,-8.92,-9,-8.84,-8.41,-7.75,-6.92,-6,-5,-4,-3.08,-2.25,-1.59,-1.16,-1,-1,-0.997,-0.987,-0.972,-0.951,-0.93,-0.9,-0.86,-0.82,-0.78,-0.74,-0.7,-0.65,-0.6,-0.55,-0.5,-0.45,-0.4,-0.35,-0.3,-0.26,-0.22,-0.18,-0.14,-0.1,-0.07,-0.05,-0.028,-0.013,-0.003,0,-0.08,-0.31,-0.67,-1.14,-1.69,-2.33,-3.02,-3.75,-4.5,-5.25,-5.98,-6.67,-7.31,-7.86,-8.33,-8.69,-8.92,-9,-8.84,-8.41,-7.75,-6.92,-6,-5,-4,-3.08,-2.25,-1.59,-1.16,-1,-1,-0.987,-0.95,-0.9,-0.82,-0.74,-0.65,-0.55,-0.45,-0.35,-0.26,-0.18,-0.1,-0.05,-0.01,0,0,0,0,0,0,0,0,0,0,0,0,0,0
PARAM_ANGLE_Z=0
PARAM_BROW_L_Y=0
PARAM_BROW_R_Y=0
PARAM_BROW_L_X=0
PARAM_BROW_R_X=0
PARAM_eyebrow Change=0,0,0,0,0,0,0,0,0,1,1,1,1,1,1,1,1,1,1,1,1,1,1,1,1,1,1,1,1,1,1,1,1,1,1,1,1,1,1,1,1,1,1,1,1,1,1,1,1,1,1,1,1,1,1,1,1,1,1,1,1,1,1,1,1,1,1,1,1,1,1,1,1,1,1,1,1,1,1,1,1,1,1,1,1,1,1,1,1,1,1,1,1,1,1,1,1,1,1,1,1,1,1,1,1,1,1,0,0,0,0,0,0,0,0,0,0,0,0,0,0,0,0,0,0,0,0,0,0,0,0,0,0,0,0
PARAM_eyebrow2 Rotate=0
PARAM_EYE_L_OPEN=1
PARAM_EYE_R_OPEN=1
PARAM_Smile eye=1
PARAM_Angry eye=0,0.019,0.07,0.14,0.23,0.33,0.43,0.54,0.64,0.74,0.82,0.89,0.95,0.99,1,1,1,1,1,1,1,1,1,1,1,1,1,1,1,1,1,1,1,1,1,1,1,1,1,1,1,1,1,1,1,1,1,1,1,1,1,1,1,1,1,1,1,1,1,1,1,1,1,1,1,1,1,1,1,1,1,1,1,1,1,1,1,1,1,1,1,1,1,1,1,1,1,1,1,1,1,1,1,1,1,1,1,1,1,1,1,1,1,1,1,1,1,0.987,0.95,0.9,0.82,0.74,0.65,0.55,0.45,0.35,0.26,0.18,0.1,0.05,0.01,0,0,0,0,0,0,0,0,0,0,0,0,0,0
PARAM_EYE_BALL_X=0,0,0,0,0,0,0,0,0,0,0,0,0,0,0,0.011,0.04,0.08,0.14,0.2,0.26,0.33,0.38,0.44,0.48,0.51,0.533,0.54,0.533,0.515,0.49,0.45,0.41,0.37,0.32,0.28,0.23,0.18,0.14,0.1,0.07,0.04,0.02,0.005,0,0,0,0,0,0,0,0,0,0,0,0,0,0,0,0,0,0,0,0,0,0,0,0,0,0,0,0,0,0,0,0,0.011,0.04,0.08,0.14,0.2,0.26,0.33,0.38,0.44,0.48,0.51,0.533,0.54,0.533,0.515,0.49,0.45,0.41,0.37,0.32,0.28,0.23,0.18,0.14,0.1,0.07,0.04,0.02,0.005,0,0,0,0,0,0,0,0,0,0,0,0,0,0,0,0,0,0,0,0,0,0,0,0,0,0,0,0,0,0
PARAM_EYE_BALL_Y=0,0,0,0,0,0,0,0,0,0,0,0,0,0,0,0,0.003,0.006,0.01,0.015,0.019,0.024,0.028,0.032,0.036,0.038,0.039,0.04,0.039,0.038,0.036,0.034,0.031,0.027,0.024,0.02,0.017,0.014,0.011,0.008,0.005,0.003,0.001,0,0,0,0,0,0,0,0,0,0,0,0,0,0,0,0,0,0,0,0,0,0,0,0,0,0,0,0,0,0,0,0,0,0,0.003,0.006,0.01,0.015,0.019,0.024,0.028,0.032,0.036,0.038,0.039,0.04,0.039,0.038,0.036,0.034,0.031,0.027,0.024,0.02,0.017,0.014,0.011,0.008,0.005,0.003,0.001,0,0,0,0,0,0,0,0,0,0,0,0,0,0,0,0,0,0,0,0,0,0,0,0,0,0,0,0,0,0,0
PARAM_MOUTH_FORM=0,0.07,0.21,0.38,0.57,0.73,0.87,0.97,1,1,1,1,1,1,1,1,1,1,1,1,1,1,1,1,1,1,1,1,1,1,1,1,1,1,1,1,1,1,1,1,1,1,1,1,1,1,1,1,1,1,1,1,1,1,1,1,1,1,1,1,1,1,1,1,1,1,1,1,1,1,1,1,1,1,1,1,1,1,1,1,1,1,1,1,1,1,1,1,1,1,1,1,1,1,1,1,1,1,1,1,1,1,1,1,1,1,1,0.987,0.95,0.9,0.82,0.74,0.65,0.55,0.45,0.35,0.26,0.18,0.1,0.05,0.01,0,0,0,0,0,0,0,0,0,0,0,0,0,0
PARAM_MOUTH_OPEN_Y=0,0.07,0.21,0.38,0.57,0.73,0.87,0.97,1,0.92,0.74,0.5,0.26,0.08,0,0,0,0,0,0,0,0,0,0,0,0,0,0,0,0,0,0,0,0,0,0,0,0,0,0,0,0,0,0,0,0,0,0,0,0,0,0,0,0,0,0,0,0,0,0,0,0,0,0,0,0,0,0,0,0,0,0,0,0,0,0,0,0,0,0,0,0,0,0,0,0,0,0,0,0,0,0,0,0,0,0,0,0,0,0,0,0,0,0,0,0,0,0,0,0,0,0,0,0,0,0,0,0,0,0,0,0,0,0,0,0,0,0,0,0,0,0,0,0,0
PARAM_Mouth=-0.7,-0.7,-0.7,-0.7,-0.7,-0.7,-0.7,-0.7,-0.7,-0.65,-0.52,-0.35,-0.18,-0.05,0,0,0,0,0,0,0,0,0,0,0,0,0,0,0,0,0,0,0,0,0,0,0,0,0,0,0,0,0,0,0,0,0,0,0,0,0,0,0,0,0,0,0,0,0,0,0,0,0,0,0,0,0,0,0,0,0,0,0,0,0,0,0,0,0,0,0,0,0,0,0,0,0,0,0,0,0,0,0,0,0,0,0,0,0,0,0,0,0,0,0,0,0,0,0,0,0,0,0,0,0,0,0,0,0,0,0,0,0,0,0,0,0,0,0,0,0,0,0,0,0
PARAM_Mouth Angle=0
PARAM_CHEEK=1
PARAM_BODY_ANGLE_X=0,0.19,0.69,1.41,2.31,3.3,4.34,5.4,6.42,7.37,8.24,8.95,9.51,9.87,10,9.95,9.79,9.55,9.24,8.87,8.45,7.99,7.5,7,6.5,6.01,5.55,5.13,4.76,4.45,4.21,4.05,4,4.12,4.44,4.94,5.56,6.25,7,7.75,8.44,9.06,9.56,9.88,10,10,10,10,10,10,10,10,10,10,10,10,10,10,10,10,10,10,10,10,10,10,10,10,10,10,10,10,10,10,10,10,9.95,9.79,9.55,9.24,8.87,8.45,7.99,7.5,7,6.5,6.01,5.55,5.13,4.76,4.45,4.21,4.05,4,4.12,4.44,4.94,5.56,6.25,7,7.75,8.44,9.06,9.56,9.88,10,10,9.87,9.52,8.96,8.25,7.4,6.47,5.5,4.5,3.53,2.6,1.75,1.04,0.48,0.13,0,0,0,0,0,0,0,0,0,0,0,0,0,0
PARAM_BODY_ANGLE_Z=0
PARAM_BREATH=0,0.05,0.15,0.28,0.42,0.54,0.65,0.71,0.74,0.7,0.62,0.5,0.38,0.3,0.26,0.26,0.263,0.267,0.272,0.278,0.286,0.294,0.303,0.313,0.323,0.335,0.346,0.358,0.371,0.384,0.397,0.41,0.423,0.437,0.45,0.464,0.477,0.49,0.504,0.517,0.529,0.54,0.551,0.561,0.571,0.58,0.588,0.596,0.603,0.61,0.616,0.622,0.627,0.632,0.636,0.64,0.643,0.646,0.649,0.651,0.653,0.655,0.656,0.658,0.659,0.659,0.66,0.66,0.66,0.66,0.66,0.66,0.66,0.659,0.66,0.657,0.656,0.655,0.653,0.651,0.648,0.645,0.641,0.637,0.633,0.628,0.622,0.615,0.608,0.6,0.591,0.582,0.572,0.56,0.548,0.535,0.521,0.506,0.49,0.471,0.45,0.42,0.4,0.37,0.34,0.31,0.29,0.26,0.23,0.2,0.17,0.15,0.12,0.1,0.08,0.059,0.042,0.028,0.016,0.007,0.002,0,0,0,0,0,0,0,0,0,0,0,0,0,0
PARAM_Bust Angle X=0
PARAM_Bust Angle Y=0
PARAM_Arm LT Angle=0.07,0.07,0.07,0.07,0.07,0.07,0.07,0.07,0.07,0.07,0.07,0.07,0.07,0.07,0.07,0.07,0.07,0.07,0.07,0.07,0.07,0.07,0.07,0.07,0.07,0.07,0.07,0.07,0.07,0.07,0.07,0.07,0.07,0.07,0.07,0.07,0.07,0.07,0.07,0.07,0.07,0.07,0.07,0.07,0.07,0.07,0.07,0.07,0.07,0.07,0.07,0.07,0.07,0.07,0.07,0.07,0.07,0.07,0.07,0.07,0.07,0.07,0.07,0.07,0.07,0.07,0.07,0.07,0.07,0.07,0.07,0.07,0.07,0.07,0.07,0.07,0.07,0.07,0.07,0.07,0.07,0.07,0.07,0.07,0.07,0.07,0.07,0.07,0.07,0.07,0.07,0.07,0.07,0.07,0.07,0.07,0.07,0.07,0.07,0.07,0.07,0.07,0.07,0.07,0.07,0.07,0.07,0.07,0.07,0.07,0.07,0.07,0.07,0.07,0.07,0.07,0.07,0.07,0.07,0.07,0.07,0.07,0.07,0.07,0.07,0.07,0.07,0.07,0.07,0.07,0.07,0.07,0.07,0.07,0.07
PARAM_Arm RT Angle=0.07,0.07,0.07,0.07,0.07,0.07,0.07,0.07,0.07,0.07,0.07,0.07,0.07,0.07,0.07,0.07,0.07,0.07,0.07,0.07,0.07,0.07,0.07,0.07,0.07,0.07,0.07,0.07,0.07,0.07,0.07,0.07,0.07,0.07,0.07,0.07,0.07,0.07,0.07,0.07,0.07,0.07,0.07,0.07,0.07,0.07,0.07,0.07,0.07,0.07,0.07,0.07,0.07,0.07,0.07,0.07,0.07,0.07,0.07,0.07,0.07,0.07,0.07,0.07,0.07,0.07,0.07,0.07,0.07,0.07,0.07,0.07,0.07,0.07,0.07,0.07,0.07,0.07,0.07,0.07,0.07,0.07,0.07,0.07,0.07,0.07,0.07,0.07,0.07,0.07,0.07,0.07,0.07,0.07,0.07,0.07,0.07,0.07,0.07,0.07,0.07,0.07,0.07,0.07,0.07,0.07,0.07,0.07,0.07,0.07,0.07,0.07,0.07,0.07,0.07,0.07,0.07,0.07,0.07,0.07,0.07,0.07,0.07,0.07,0.07,0.07,0.07,0.07,0.07,0.07,0.07,0.07,0.07,0.07,0.07
PARAM_Arm LB Agle=0,0.05,0.16,0.29,0.43,0.55,0.66,0.72,0.75,0.75,0.75,0.75,0.75,0.75,0.75,0.75,0.75,0.75,0.75,0.75,0.75,0.75,0.75,0.75,0.75,0.75,0.75,0.75,0.75,0.75,0.75,0.75,0.75,0.75,0.75,0.75,0.75,0.75,0.75,0.75,0.75,0.75,0.75,0.75,0.75,0.75,0.75,0.75,0.75,0.75,0.75,0.75,0.75,0.75,0.75,0.75,0.75,0.75,0.75,0.75,0.75,0.75,0.75,0.75,0.75,0.75,0.75,0.75,0.75,0.75,0.75,0.75,0.75,0.75,0.75,0.75,0.75,0.75,0.75,0.75,0.75,0.75,0.75,0.75,0.75,0.75,0.75,0.75,0.75,0.75,0.75,0.75,0.75,0.75,0.75,0.75,0.75,0.75,0.75,0.75,0.75,0.75,0.75,0.75,0.75,0.75,0.75,0.741,0.71,0.67,0.62,0.55,0.49,0.41,0.34,0.26,0.2,0.13,0.08,0.04,0.01,0,0,0,0,0,0,0,0,0,0,0,0,0,0
PARAM_Arm RB Agle=0,0.05,0.16,0.29,0.43,0.55,0.66,0.72,0.75,0.75,0.75,0.75,0.75,0.75,0.75,0.75,0.75,0.75,0.75,0.75,0.75,0.75,0.75,0.75,0.75,0.75,0.75,0.75,0.75,0.75,0.75,0.75,0.75,0.75,0.75,0.75,0.75,0.75,0.75,0.75,0.75,0.75,0.75,0.75,0.75,0.75,0.75,0.75,0.75,0.75,0.75,0.75,0.75,0.75,0.75,0.75,0.75,0.75,0.75,0.75,0.75,0.75,0.75,0.75,0.75,0.75,0.75,0.75,0.75,0.75,0.75,0.75,0.75,0.75,0.75,0.75,0.75,0.75,0.75,0.75,0.75,0.75,0.75,0.75,0.75,0.75,0.75,0.75,0.75,0.75,0.75,0.75,0.75,0.75,0.75,0.75,0.75,0.75,0.75,0.75,0.75,0.75,0.75,0.75,0.75,0.75,0.75,0.741,0.71,0.67,0.62,0.55,0.49,0.41,0.34,0.26,0.2,0.13,0.08,0.04,0.01,0,0,0,0,0,0,0,0,0,0,0,0,0,0
PARAM_Arm L hand=0
PARAM_Arm R hand=0
PARAM_Hair Twist L=0.4,0.4,0.4,0.4,0.4,0.4,0.4,0.4,0.4,0.4,0.4,0.4,0.4,0.4,0.4,0.4,0.4,0.4,0.4,0.4,0.4,0.4,0.4,0.4,0.4,0.4,0.4,0.4,0.4,0.4,0.4,0.4,0.4,0.4,0.4,0.4,0.4,0.4,0.4,0.4,0.4,0.4,0.4,0.4,0.4,0.4,0.4,0.4,0.4,0.4,0.4,0.4,0.4,0.4,0.4,0.4,0.4,0.4,0.4,0.4,0.4,0.4,0.4,0.4,0.4,0.4,0.4,0.4,0.4,0.4,0.4,0.4,0.4,0.4,0.4,0.4,0.4,0.4,0.4,0.4,0.4,0.4,0.4,0.4,0.4,0.4,0.4,0.4,0.4,0.4,0.4,0.4,0.4,0.4,0.4,0.4,0.4,0.4,0.4,0.4,0.4,0.4,0.4,0.4,0.4,0.4,0.4,0.4,0.4,0.4,0.4,0.4,0.4,0.4,0.4,0.4,0.4,0.4,0.4,0.4,0.4,0.4,0.4,0.4,0.4,0.4,0.4,0.4,0.4,0.4,0.4,0.4,0.4,0.4,0.4
PARAM_Hair Twist R=-0.6,-0.6,-0.6,-0.6,-0.6,-0.6,-0.6,-0.6,-0.6,-0.6,-0.6,-0.6,-0.6,-0.6,-0.6,-0.6,-0.6,-0.6,-0.6,-0.6,-0.6,-0.6,-0.6,-0.6,-0.6,-0.6,-0.6,-0.6,-0.6,-0.6,-0.6,-0.6,-0.6,-0.6,-0.6,-0.6,-0.6,-0.6,-0.6,-0.6,-0.6,-0.6,-0.6,-0.6,-0.6,-0.6,-0.6,-0.6,-0.6,-0.6,-0.6,-0.6,-0.6,-0.6,-0.6,-0.6,-0.6,-0.6,-0.6,-0.6,-0.6,-0.6,-0.6,-0.6,-0.6,-0.6,-0.6,-0.6,-0.6,-0.6,-0.6,-0.6,-0.6,-0.6,-0.6,-0.6,-0.6,-0.6,-0.6,-0.6,-0.6,-0.6,-0.6,-0.6,-0.6,-0.6,-0.6,-0.6,-0.6,-0.6,-0.6,-0.6,-0.6,-0.6,-0.6,-0.6,-0.6,-0.6,-0.6,-0.6,-0.6,-0.6,-0.6,-0.6,-0.6,-0.6,-0.6,-0.6,-0.6,-0.6,-0.6,-0.6,-0.6,-0.6,-0.6,-0.6,-0.6,-0.6,-0.6,-0.6,-0.6,-0.6,-0.6,-0.6,-0.6,-0.6,-0.6,-0.6,-0.6,-0.6,-0.6,-0.6,-0.6,-0.6,-0.6
PARAM_Hairfront_vive=0
PARAM_Hand L1=0
PARAM_Hand L2=0
PARAM_Hand L3=0,0,1,1,1,1,1,1,1,1,1,1,1,1,1,1,1,1,1,1,1,1,1,1,1,1,1,1,1,1,1,1,1,1,1,1,1,1,1,1,1,1,1,1,1,1,1,1,1,1,1,1,1,1,1,1,1,1,1,1,1,1,1,1,1,1,1,1,1,1,1,1,1,1,1,1,1,1,1,1,1,1,1,1,1,1,1,1,1,1,1,1,1,1,1,1,1,1,1,1,1,1,1,1,1,1,1,0.987,0.95,0.9,0.82,0.74,0.65,0.55,0.45,0.35,0.26,0.18,0.1,0.05,0.01,0,0,0,0,0,0,0,0,0,0,0,0,0,0
PARAM_HL4=1,1,0,0,0,0,0,0,0,0,0,0,0,0,0,0,0,0,0,0,0,0,0,0,0,0,0,0,0,0,0,0,0,0,0,0,0,0,0,0,0,0,0,0,0,0,0,0,0,0,0,0,0,0,0,0,0,0,0,0,0,0,0,0,0,0,0,0,0,0,0,0,0,0,0,0,0,0,0,0,0,0,0,0,0,0,0,0,0,0,0,0,0,0,0,0,0,0,0,0,0,0,0,0,0,0,0,0.013,0.05,0.1,0.18,0.26,0.35,0.45,0.55,0.65,0.74,0.82,0.9,0.95,0.99,1,1,1,1,1,1,1,1,1,1,1,1,1,1
PARAM_HL5=0
PARAM_HL6=0
PARAM_HL7=0
PARAM_Hand_L8=0
PARAM_Hand R1=0
PARAM_Hand R2=0
PARAM_Hand R3=0,0,1,1,1,1,1,1,1,1,1,1,1,1,1,1,1,1,1,1,1,1,1,1,1,1,1,1,1,1,1,1,1,1,1,1,1,1,1,1,1,1,1,1,1,1,1,1,1,1,1,1,1,1,1,1,1,1,1,1,1,1,1,1,1,1,1,1,1,1,1,1,1,1,1,1,1,1,1,1,1,1,1,1,1,1,1,1,1,1,1,1,1,1,1,1,1,1,1,1,1,1,1,1,1,1,1,0.987,0.95,0.9,0.82,0.74,0.65,0.55,0.45,0.35,0.26,0.18,0.1,0.05,0.01,0,0,0,0,0,0,0,0,0,0,0,0,0,0
PARAM_HR4=1,1,0,0,0,0,0,0,0,0,0,0,0,0,0,0,0,0,0,0,0,0,0,0,0,0,0,0,0,0,0,0,0,0,0,0,0,0,0,0,0,0,0,0,0,0,0,0,0,0,0,0,0,0,0,0,0,0,0,0,0,0,0,0,0,0,0,0,0,0,0,0,0,0,0,0,0,0,0,0,0,0,0,0,0,0,0,0,0,0,0,0,0,0,0,0,0,0,0,0,0,0,0,0,0,0,0,0.013,0.05,0.1,0.18,0.26,0.35,0.45,0.55,0.65,0.74,0.82,0.9,0.95,0.99,1,1,1,1,1,1,1,1,1,1,1,1,1,1
PARAM_HR5=0
PARAM_HR6=0
PARAM_HR7=0
PARAM_Hand_R8=0
PARAM_suprise=0
PARAM_mouth=1
PARAM_FXmouth=0
PARAM_shoutao=1
PARAM_shoutao2=0
PARAM_shoutao3=0
PARAM_moveX=0
PARAM_moveY=0
PARAM_bodyS=0
PARAM_ruyao=0
PARAM_shangxia=0,0,0,0,0,0,0,0,0,0,0,0,0,0,0,0,0,0,0,0,0,0,0,0,0,0,0,0,0,0,0,0,0,0,0,0,0,0,0,0,0,0,0,0,0,0,0,0,0,0,0,0,0,0,0,0,0,0,0,0,0,0,0,0,0,0,0,0,0,0,0,0,0,0,0,0,0,0,0,0,0,0,0,0,0,0,0,0,0,0,0,0,0,0,0,0,0,0,0,0,0,0,0,0,0,0,0,0.019,0.06,0.11,0.16,0.21,0.25,0.28,0.29,0.27,0.22,0.15,0.09,0.04,0.01,0,0.02,0.08,0.16,0.23,0.28,0.32,0.33,0.31,0.25,0.16,0.08,0.02,0
PARAM_Vzuoshou=0
PARAM_Vyoushou=0
PARAM_xingxing=0
PARAM_xingxingLScale=0
PARAM_xingxingRScale=0
PARAM_zuibaFX=0