# Live2D Animator Motion Data
$fps=30

$fadein=1000

$fadeout=1000

PARAM_ANGLE_X=0,0,0,0,0,0,0,0,0,0,0,0,0,0,0.13,0.49,1.08,1.81,2.72,3.73,4.84,6.03,7.28,8.54,9.84,11.13,12.38,13.62,14.77,15.86,16.85,17.74,18.51,19.14,19.61,19.9,20,19.31,17.51,14.9,11.92,8.83,5.95,3.48,1.6,0.42,0,0,0.016,0.06,0.14,0.24,0.37,0.52,0.69,0.87,1.07,1.29,1.51,1.75,1.98,2.23,2.47,2.71,2.95,3.19,3.42,3.64,3.85,4.05,4.23,4.4,4.55,4.68,4.79,4.88,4.95,4.99,5,4.95,4.81,4.58,4.27,3.88,3.44,2.93,2.37,1.76,1.12,0.43,-0.28,-1.01,-1.75,-2.5,-3.25,-3.99,-4.72,-5.43,-6.12,-6.76,-7.37,-7.93,-8.44,-8.88,-9.27,-9.58,-9.81,-9.95,-10,-10,-10,-10,-10,-10,-10,-10,-10,-10,-10,-10,-10,-10,-10,-10,-10,-10,-10,-9.91,-9.66,-9.26,-8.74,-8.13,-7.44,-6.68,-5.9,-5.1,-4.3,-3.53,-2.8,-2.12,-1.52,-1,-0.57,-0.26,-0.07,0,0,0,0,0,0,0,0,0,0,0,0,0,0,0,0,0,0,0,0,0,0,0,0,0,0,0,0,0,0,0,0,0,0,0,0,0,0
PARAM_ANGLE_Y=0,0.1,0.37,0.79,1.34,1.98,2.71,3.48,4.27,5.07,5.86,6.62,7.33,8,8.77,9.48,10.14,10.72,11.27,11.76,12.2,12.6,12.97,13.29,13.58,13.84,14.07,14.27,14.43,14.58,14.7,14.8,14.87,14.93,14.97,14.99,15,14.86,14.5,13.98,13.38,12.77,12.19,11.7,11.32,11.08,11,11,11,11,11,11,11,11,11,11,11,11,11,11,11,11,11,11,11,11,11,11,11,11,11,11,11,11,11,11,11,11,11,10.95,10.79,10.52,10.17,9.74,9.23,8.65,8.02,7.33,6.6,5.82,5.02,4.18,3.35,2.5,1.65,0.82,-0.02,-0.82,-1.6,-2.33,-3.02,-3.65,-4.23,-4.74,-5.17,-5.52,-5.79,-5.95,-6,-6,-6,-6,-6,-6,-6,-6,-6,-6,-6,-6,-6,-6,-6,-6,-6,-6,-6,-5.85,-5.41,-4.75,-3.86,-2.82,-1.64,-0.36,0.96,2.33,3.69,5.01,6.24,7.39,8.42,9.31,10.02,10.55,10.89,11,11,11,11,11,11,11,11,11,10.93,10.72,10.39,9.96,9.44,8.84,8.17,7.47,6.73,5.97,5.21,4.47,3.74,3.05,2.4,1.82,1.29,0.84,0.49,0.22,0.06,0,0,0,0,0,0,0,0
PARAM_ANGLE_Z=0
PARAM_BROW_L_Y=0
PARAM_BROW_R_Y=0
PARAM_BROW_L_X=0
PARAM_BROW_R_X=0
PARAM_eyebrow Change=0
PARAM_eyebrow2 Rotate=0
PARAM_EYE_L_OPEN=1,0.996,0.985,0.968,0.95,0.92,0.9,0.87,0.85,0.83,0.813,0.801,0.793,0.79,0.79,0.79,0.79,0.79,0.79,0.79,0.79,0.79,0.79,0.79,0.79,0.79,0.79,0.79,0.79,0.79,0.79,0.79,0.79,0.79,0.79,0.79,0.79,0.79,0.79,0.79,0.79,0.79,0.79,0.79,0.79,0.79,0.79,0.79,0.79,0.79,0.79,0.79,0.79,0.79,0.79,0.79,0.79,0.79,0.79,0.79,0.79,0.79,0.79,0.79,0.79,0.79,0.79,0.79,0.79,0.22,0,0.21,0.58,0.79,0.22,0,0.21,0.58,0.79,0.79,0.79,0.79,0.79,0.79,0.79,0.79,0.79,0.79,0.79,0.79,0.79,0.79,0.79,0.79,0.22,0,0.21,0.58,0.79,0.79,0.79,0.79,0.79,0.79,0.79,0.79,0.79,0.79,0.79,0.79,0.79,0.79,0.79,0.79,0.79,0.79,0.79,0.22,0,0.21,0.58,0.79,0.79,0.79,0.79,0.79,0.79,0.79,0.79,0.79,0.79,0.79,0.79,0.79,0.79,0.79,0.79,0.79,0.79,0.79,0.79,0.79,0.79,0.79,0.79,0.79,0.79,0.79,0.79,0.79,0.79,0.79,0.79,0.79,0.791,0.795,0.802,0.81,0.82,0.831,0.844,0.857,0.871,0.886,0.901,0.915,0.929,0.942,0.954,0.965,0.975,0.984,0.991,0.996,0.999,1,1,1,1,1,1,1,1
PARAM_EYE_R_OPEN=1,0.996,0.985,0.969,0.949,0.93,0.9,0.88,0.86,0.839,0.822,0.81,0.803,0.8,0.8,0.8,0.8,0.8,0.8,0.8,0.8,0.8,0.8,0.8,0.8,0.8,0.8,0.8,0.8,0.8,0.8,0.8,0.8,0.8,0.8,0.8,0.8,0.8,0.8,0.8,0.8,0.8,0.8,0.8,0.8,0.8,0.8,0.8,0.8,0.8,0.8,0.8,0.8,0.8,0.8,0.8,0.8,0.8,0.8,0.8,0.8,0.8,0.8,0.8,0.8,0.8,0.8,0.8,0.8,0.22,0,0.21,0.59,0.8,0.22,0,0.21,0.59,0.8,0.8,0.8,0.8,0.8,0.8,0.8,0.8,0.8,0.8,0.8,0.8,0.8,0.8,0.8,0.8,0.22,0,0.21,0.59,0.8,0.8,0.8,0.8,0.8,0.8,0.8,0.8,0.8,0.8,0.8,0.8,0.8,0.8,0.8,0.8,0.8,0.8,0.8,0.22,0,0.21,0.59,0.8,0.8,0.8,0.8,0.8,0.8,0.8,0.8,0.8,0.8,0.8,0.8,0.8,0.8,0.8,0.8,0.8,0.8,0.8,0.8,0.8,0.8,0.8,0.8,0.8,0.8,0.8,0.8,0.8,0.8,0.8,0.8,0.8,0.801,0.805,0.811,0.819,0.828,0.839,0.852,0.864,0.878,0.891,0.905,0.919,0.932,0.945,0.956,0.967,0.976,0.985,0.991,0.996,0.999,1,1,1,1,1,1,1,1
PARAM_Smile eye=0
PARAM_Angry eye=0
PARAM_EYE_BALL_X=0,-0.008,-0.03,-0.06,-0.1,-0.15,-0.2,-0.25,-0.29,-0.33,-0.36,-0.39,-0.405,-0.41,-0.407,-0.4,-0.388,-0.373,-0.354,-0.33,-0.31,-0.29,-0.26,-0.23,-0.21,-0.18,-0.16,-0.13,-0.11,-0.08,-0.065,-0.046,-0.03,-0.018,-0.008,-0.002,0,0,0,0,0,0,0,0,0,0,0,0,0.003,0.01,0.022,0.038,0.058,0.08,0.11,0.14,0.17,0.2,0.24,0.28,0.31,0.35,0.39,0.43,0.47,0.5,0.54,0.58,0.61,0.64,0.67,0.7,0.72,0.74,0.757,0.771,0.782,0.788,0.79,0.787,0.779,0.766,0.748,0.73,0.7,0.67,0.64,0.6,0.56,0.52,0.48,0.44,0.4,0.36,0.31,0.27,0.23,0.19,0.15,0.11,0.07,0.04,0.01,-0.02,-0.04,-0.056,-0.069,-0.077,-0.08,-0.08,-0.08,-0.08,-0.08,-0.08,-0.08,-0.08,-0.08,-0.08,-0.08,-0.08,-0.08,-0.08,-0.08,-0.08,-0.08,-0.08,-0.08,-0.079,-0.077,-0.074,-0.07,-0.065,-0.06,-0.053,-0.047,-0.041,-0.034,-0.028,-0.022,-0.017,-0.012,-0.008,-0.005,-0.002,-0.001,0,0,0,0,0,0,0,0,0,0,0,0,0,0,0,0,0,0,0,0,0,0,0,0,0,0,0,0,0,0,0,0,0,0,0,0,0,0
PARAM_EYE_BALL_Y=0,0,-0.003,-0.006,-0.01,-0.015,-0.019,-0.024,-0.028,-0.032,-0.036,-0.038,-0.039,-0.04,-0.04,-0.04,-0.038,-0.036,-0.035,-0.033,-0.03,-0.028,-0.025,-0.023,-0.02,-0.018,-0.015,-0.013,-0.01,-0.008,-0.006,-0.005,-0.003,-0.002,-0.001,0,0,0,0,0,0,0,0,0,0,0,0,0,0,0,-0.001,0,-0.003,-0.005,-0.006,-0.009,-0.011,-0.014,-0.018,-0.022,-0.026,-0.031,-0.037,-0.043,-0.049,-0.057,-0.065,-0.073,-0.082,-0.092,-0.102,-0.113,-0.125,-0.137,-0.15,-0.164,-0.179,-0.194,-0.21,-0.227,-0.245,-0.263,-0.28,-0.298,-0.315,-0.333,-0.35,-0.367,-0.383,-0.4,-0.415,-0.431,-0.446,-0.46,-0.474,-0.487,-0.5,-0.512,-0.523,-0.533,-0.542,-0.551,-0.558,-0.565,-0.57,-0.574,-0.577,-0.579,-0.58,-0.58,-0.58,-0.58,-0.58,-0.58,-0.58,-0.58,-0.58,-0.58,-0.58,-0.58,-0.58,-0.58,-0.58,-0.58,-0.58,-0.58,-0.58,-0.575,-0.56,-0.54,-0.51,-0.47,-0.43,-0.39,-0.34,-0.3,-0.25,-0.2,-0.16,-0.12,-0.09,-0.06,-0.03,-0.015,-0.004,0,0,0,0,0,0,0,0,0,0,0,0,0,0,0,0,0,0,0,0,0,0,0,0,0,0,0,0,0,0,0,0,0,0,0,0,0,0
PARAM_MOUTH_FORM=0
PARAM_MOUTH_OPEN_Y=0
PARAM_Mouth=0
PARAM_Mouth Angle=0
PARAM_CHEEK=1
PARAM_BODY_ANGLE_X=0,0,0,0,0,0,0,0,0,0,0,0,0,0,0,0,0,0,0,0,0,0,0,0,0,0,0,0,0,0,0,0,0,0,0,0,0,0,0,0,0,0,0,0,0,0,0,0,-0.03,-0.13,-0.28,-0.49,-0.74,-1.04,-1.37,-1.75,-2.15,-2.58,-3.03,-3.49,-3.97,-4.45,-4.94,-5.42,-5.9,-6.38,-6.84,-7.28,-7.7,-8.1,-8.46,-8.8,-9.1,-9.37,-9.59,-9.76,-9.89,-9.97,-10,-9.95,-9.81,-9.58,-9.27,-8.88,-8.44,-7.93,-7.37,-6.76,-6.12,-5.43,-4.72,-3.99,-3.25,-2.5,-1.75,-1.01,-0.28,0.43,1.12,1.76,2.37,2.93,3.44,3.88,4.27,4.58,4.81,4.95,5,5,5,5,5,5,5,5,5,5,5,5,5,5,5,5,5,5,5,4.96,4.83,4.63,4.37,4.07,3.72,3.34,2.95,2.55,2.15,1.76,1.4,1.06,0.76,0.5,0.29,0.13,0.03,0,0,0,0,0,0,0,0,0,0,0,0,0,0,0,0,0,0,0,0,0,0,0,0,0,0,0,0,0,0,0,0,0,0,0,0,0,0
PARAM_BODY_ANGLE_Z=0
PARAM_BREATH=0,0.006,0.024,0.05,0.09,0.13,0.18,0.23,0.28,0.34,0.39,0.45,0.5,0.54,0.59,0.62,0.65,0.67,0.685,0.69,0.69,0.69,0.69,0.69,0.69,0.69,0.69,0.69,0.69,0.69,0.69,0.69,0.69,0.69,0.69,0.69,0.69,0.69,0.69,0.69,0.69,0.69,0.69,0.69,0.69,0.69,0.69,0,0.002,0.008,0.017,0.029,0.044,0.062,0.082,0.1,0.13,0.15,0.18,0.21,0.24,0.27,0.3,0.33,0.35,0.38,0.41,0.44,0.46,0.49,0.51,0.53,0.546,0.562,0.575,0.586,0.594,0.598,0.6,0.598,0.594,0.586,0.575,0.562,0.547,0.53,0.511,0.49,0.47,0.44,0.42,0.4,0.37,0.35,0.32,0.29,0.27,0.25,0.22,0.2,0.18,0.16,0.143,0.128,0.115,0.104,0.096,0.092,0.09,0.091,0.096,0.103,0.113,0.125,0.139,0.156,0.174,0.195,0.22,0.24,0.27,0.29,0.32,0.35,0.38,0.41,0.44,0.47,0.5,0.53,0.55,0.57,0.592,0.609,0.624,0.638,0.649,0.659,0.667,0.674,0.679,0.683,0.686,0.688,0.69,0.69,0.69,0.69,0.69,0.69,0.69,0.69,0.69,0.69,0.685,0.673,0.65,0.62,0.59,0.55,0.51,0.47,0.42,0.37,0.33,0.28,0.23,0.19,0.15,0.11,0.08,0.05,0.03,0.014,0.004,0,0,0,0,0,0,0,0
PARAM_Bust Angle X=0
PARAM_Bust Angle Y=0
PARAM_Arm LT Angle=0
PARAM_Arm RT Angle=0
PARAM_Arm LB Agle=0,0,0,0,0,0,0,0,0,0,0,0,0,0,0,0,0,0,0,0,0,0,0,0,0,0,0,0,0,0,0,0,0,0,0,0,0,0,0,0,0,0,0,0,0,0,0,0.26,0.26,0.26,0.26,0.26,0.26,0.26,0.26,0.26,0.26,0.26,0.26,0.26,0.26,0.26,0.26,0.26,0.26,0.26,0.26,0.26,0.26,0.26,0.26,0.26,0.26,0.26,0.26,0.26,0.26,0.26,0.26,0.26,0.26,0.26,0.26,0.26,0.26,0.26,0.26,0.26,0.26,0.26,0.26,0.26,0.26,0.26,0.26,0.26,0.26,0.26,0.26,0.26,0.26,0.26,0.26,0.26,0.26,0.26,0.26,0.26,0.26,0.26,0.26,0.26,0.26,0.26,0.26,0.26,0.26,0.26,0.26,0.26,0.26,0.26,0.26,0.26,0.26,0.26,0.26,0.258,0.251,0.241,0.227,0.211,0.193,0.174,0.153,0.13,0.11,0.092,0.073,0.055,0.039,0.026,0.015,0.007,0.002,0,0,0,0,0,0,0,0,0,0,0,0,0,0,0,0,0,0,0,0,0,0,0,0,0,0,0,0,0,0,0,0,0,0,0,0,0,0
PARAM_Arm RB Agle=0,0,0,0,0,0,0,0,0,0,0,0,0,0,0,0,0,0,0,0,0,0,0,0,0,0,0,0,0,0,0,0,0,0,0,0,0,0,0,0,0,0,0,0,0,0,0,0.37,0.37,0.37,0.37,0.37,0.37,0.37,0.37,0.37,0.37,0.37,0.37,0.37,0.37,0.37,0.37,0.37,0.37,0.37,0.37,0.37,0.37,0.37,0.37,0.37,0.37,0.37,0.37,0.37,0.37,0.37,0.37,0.37,0.37,0.37,0.37,0.37,0.37,0.37,0.37,0.37,0.37,0.37,0.37,0.37,0.37,0.37,0.37,0.37,0.37,0.37,0.37,0.37,0.37,0.37,0.37,0.37,0.37,0.37,0.37,0.37,0.37,0.37,0.37,0.37,0.37,0.37,0.37,0.37,0.37,0.37,0.37,0.37,0.37,0.37,0.37,0.37,0.37,0.37,0.37,0.367,0.357,0.343,0.324,0.3,0.28,0.25,0.22,0.19,0.16,0.13,0.1,0.08,0.06,0.037,0.021,0.01,0.002,0,0,0,0,0,0,0,0,0,0,0,0,0,0,0,0,0,0,0,0,0,0,0,0,0,0,0,0,0,0,0,0,0,0,0,0,0,0
PARAM_Arm L hand=0
PARAM_Arm R hand=0
PARAM_Hair Twist L=0
PARAM_Hair Twist R=0
PARAM_Hairfront_vive=0,0,0,0,0,0,0,0,0,0,0,0,0,0,0.006,0.025,0.05,0.09,0.14,0.19,0.24,0.3,0.36,0.43,0.49,0.56,0.62,0.68,0.74,0.79,0.84,0.89,0.93,0.96,0.98,0.995,1,1,1,1,1,1,1,1,1,1,1,0,-0.23,-0.42,-0.58,-0.72,-0.82,-0.9,-0.96,-0.99,-1,-0.85,-0.5,-0.06,0.37,0.71,0.93,1,0.85,0.48,0,-0.48,-0.85,-1,-0.82,-0.54,-0.27,-0.08,0,0,0,0,0,0,0,0,0,0,0,0,0,0,0,0,0,0,0,0,0,0,0,0,0,0,0,0,0,0,0,0,0,0,0,0,0,0,0,0,0,0,0,0,0,0,0,0,0,0,0,0,0,-0.002,-0.009,-0.02,-0.034,-0.052,-0.07,-0.1,-0.13,-0.16,-0.19,-0.22,-0.26,-0.3,-0.34,-0.38,-0.42,-0.46,-0.5,-0.54,-0.58,-0.62,-0.66,-0.7,-0.74,-0.78,-0.81,-0.84,-0.87,-0.9,-0.93,-0.95,-0.966,-0.98,-0.991,-0.998,-1,-0.93,-0.75,-0.48,-0.16,0.16,0.48,0.75,0.93,1,0.85,0.48,0,-0.48,-0.85,-1,-0.82,-0.54,-0.27,-0.08,0
PARAM_Hand L1=0
PARAM_Hand L2=0
PARAM_Hand L3=1
PARAM_HL4=0
PARAM_HL5=0
PARAM_HL6=0
PARAM_HL7=0
PARAM_Hand_L8=0
PARAM_Hand_L9=0
PARAM_Hand R1=0
PARAM_Hand R2=0
PARAM_Hand R3=1
PARAM_HR4=0
PARAM_HR5=0
PARAM_HR6=0
PARAM_HR7=0
PARAM_Hand_R8=0
PARAM_Hand_R9=0
PARAM_moveX=0,0,0,0,0,0,0,0,0,0,0,0,0,0,-0.19,-0.74,-1.61,-2.72,-4.08,-5.59,-7.26,-9.04,-10.92,-12.81,-14.76,-16.69,-18.57,-20.43,-22.16,-23.78,-25.28,-26.62,-27.77,-28.71,-29.41,-29.85,-30,-30,-30,-30,-30,-30,-30,-30,-30,-30,-30,-30,-29.62,-28.6,-27.07,-25.16,-23.03,-20.78,-18.56,-16.5,-14.66,-13.12,-11.97,-11.25,-11,-11,-11,-11,-11,-11,-11,-11,-11,-11,-11,-11,-11,-11,-11,-11,-11,-11,-11,-11,-11,-11,-11,-11,-11,-11,-11,-11,-11,-11,-11,-11,-11,-11,-11,-11,-11,-11,-11,-11,-11,-11,-11,-11,-11,-11,-11,-11,-11,-11,-11,-11,-11,-11,-11,-11,-11,-11,-11,-11,-11,-11,-11,-11,-11,-11,-11,-11.17,-11.65,-12.4,-13.39,-14.55,-15.87,-17.3,-18.78,-20.31,-21.83,-23.3,-24.68,-25.97,-27.11,-28.11,-28.91,-29.5,-29.87,-30,-30,-30,-30,-30,-30,-30,-30,-30,-29.8,-29.24,-28.34,-27.15,-25.73,-24.11,-22.27,-20.38,-18.36,-16.29,-14.21,-12.2,-10.2,-8.32,-6.55,-4.95,-3.53,-2.3,-1.33,-0.6,-0.15,0,0,0,0,0,0,0,0
PARAM_moveY=0,0,0,0,0,0,0,0,0,0,0,0,0,0,0,0,0,0,0,0,0,0,0,0,0,0,0,0,0,0,0,0,0,0,0,0,0,0,0,0,0,0,0,0,0,0,0,-20,-19.78,-19.19,-18.31,-17.2,-15.97,-14.66,-13.38,-12.18,-11.12,-10.23,-9.56,-9.14,-9,-9,-9,-9,-9,-9,-9,-9,-9,-9,-9,-9,-9,-9,-9,-9,-9,-9,-9,-9,-9,-9,-9,-9,-9,-9,-9,-9,-9,-9,-9,-9,-9,-9,-9,-9,-9,-9,-9,-9,-9,-9,-9,-9,-9,-9,-9,-9,-9,-9,-9,-9,-9,-9,-9,-9,-9,-9,-9,-9,-9,-9,-9,-9,-9,-9,-9,-8.92,-8.69,-8.34,-7.87,-7.32,-6.69,-6.02,-5.31,-4.59,-3.87,-3.17,-2.52,-1.91,-1.37,-0.9,-0.52,-0.24,-0.06,0,0,0,0,0,0,0,0,0,0,0,0,0,0,0,0,0,0,0,0,0,0,0,0,0,0,0,0,0,0,0,0,0,0,0,0,0,0
PARAM_bodyS=0
PARAM_shangxia=0
PARAM_eyeFX=0
PARAM_deng_moveX=0
PARAM_deng_moveY=46
PARAM_deng_moveZ=0
PARAM_deng_qiehuan=0
PARAM_dengguang=0
PARAM_arm_LFX=0
PARAM_ear_FX=0
PARAM_hand_FX=0,0,0,0,0,0,0,0,0,0,0,0,0,0,0,0,0,0,0,0,0,0,0,0,0,0,0,0,0,0,0,0,0,0,0,0,0,0,0,0,0,0,0,0,0,0,0,1,1,1,1,1,1,1,1,1,1,1,1,1,1,1,1,1,1,1,1,1,1,1,1,1,1,1,1,1,1,1,1,1,1,1,1,1,1,1,1,1,1,1,1,1,1,1,1,1,1,1,1,1,1,1,1,1,1,1,1,1,1,1,1,1,1,1,1,1,1,1,1,1,1,1,1,1,1,1,1,0.991,0.97,0.93,0.87,0.81,0.74,0.67,0.59,0.51,0.43,0.35,0.28,0.21,0.15,0.1,0.06,0.03,0.007,0,0,0,0,0,0,0,0,0,0,0,0,0,0,0,0,0,0,0,0,0,0,0,0,0,0,0,0,0,0,0,0,0,0,0,0,0,0
PARAM_face_FX=0
PARAM_beixin_FX=0,0,0,0,0,0,0,0,0,0,0,0,0,0,0,0,0,0,0,0,0,0,0,0,0,0,0,0,0,0,0,0,0,0,0,0,0,0,0,0,0,0,0,0,0,0,0,1,1,1,1,1,1,1,1,1,1,1,1,1,1,1,1,1,1,1,1,1,1,1,1,1,1,1,1,1,1,1,1,1,1,1,1,1,1,1,1,1,1,1,1,1,1,1,1,1,1,1,1,1,1,1,1,1,1,1,1,1,1,1,1,1,1,1,1,1,1,1,1,1,1,1,1,1,1,1,1,0.991,0.97,0.93,0.87,0.81,0.74,0.67,0.59,0.51,0.43,0.35,0.28,0.21,0.15,0.1,0.06,0.03,0.007,0,0,0,0,0,0,0,0,0,0,0,0,0,0,0,0,0,0,0,0,0,0,0,0,0,0,0,0,0,0,0,0,0,0,0,0,0,0
PARAM_dengguang_FX=0
PARAM_handFX_move=0
PARAM_handFX_moveY=0
PARAM_handFX_moveZ=0
PARAM_ALL_moveZ=0,0,0,0,0,0,0,0,0,0,0,0,0,0,0,0,0,0,0,0,0,0,0,0,0,0,0,0,0,0,0,0,0,0,0,0,0,0,0,0,0,0,0,0,0,0,0,2.4,2.4,2.4,2.399,2.397,2.396,2.394,2.392,2.39,2.388,2.385,2.382,2.379,2.376,2.372,2.369,2.365,2.361,2.357,2.353,2.348,2.344,2.339,2.335,2.33,2.325,2.32,2.315,2.311,2.306,2.301,2.296,2.291,2.286,2.281,2.276,2.271,2.267,2.262,2.258,2.253,2.249,2.245,2.241,2.237,2.233,2.229,2.226,2.222,2.219,2.216,2.214,2.211,2.209,2.207,2.205,2.204,2.202,2.201,2.201,2.2,2.2,2.2,2.2,2.2,2.2,2.2,2.2,2.2,2.2,2.2,2.2,2.2,2.2,2.2,2.2,2.2,2.2,2.2,2.2,2.18,2.12,2.04,1.92,1.79,1.64,1.47,1.3,1.12,0.95,0.78,0.62,0.47,0.33,0.22,0.13,0.06,0.01,0,0,0,0,0,0,0,0,0,0,0,0,0,0,0,0,0,0,0,0,0,0,0,0,0,0,0,0,0,0,0,0,0,0,0,0,0,0
PARAM_kaideng=0
PARAM_dengxianshi=1
PARAM_wall_FX=0,0,0,0,0,0,0,0,0,0,0,0,0,0,0,0,0,0,0,0,0,0,0,0,0,0,0,0,0,0,0,0,0,0,0,0,0,0,0,0,0,0,0,0,0,0,0,1,1,1,1,1,1,1,1,1,1,1,1,1,1,1,1,1,1,1,1,1,1,1,1,1,1,1,1,1,1,1,1,1,1,1,1,1,1,1,1,1,1,1,1,1,1,1,1,1,1,1,1,1,1,1,1,1,1,1,1,1,1,1,1,1,1,1,1,1,1,1,1,1,1,1,1,1,1,1,1,1,1,1,1,1,1,1,1,1,1,1,1,1,1,1,1,1,1,1,1,1,1,1,1,1,1,1,0,0,0,0,0,0,0,0,0,0,0,0,0,0,0,0,0,0,0,0,0,0,0,0,0,0,0,0,0
PARAM_wall_X=0,0,0,0,0,0,0,0,0,0,0,0,0,0,0,0,0,0,0,0,0,0,0,0,0,0,0,0,0,0,0,0,0,0,0,0,0,0,0,0,0,0,0,0,0,0,0,0,0.07,0.26,0.54,0.89,1.28,1.7,2.11,2.49,2.83,3.11,3.32,3.45,3.5,3.5,3.5,3.5,3.5,3.5,3.5,3.5,3.5,3.5,3.5,3.5,3.5,3.5,3.5,3.5,3.5,3.5,3.5,3.5,3.5,3.5,3.5,3.5,3.5,3.5,3.5,3.5,3.5,3.5,3.5,3.5,3.5,3.5,3.5,3.5,3.5,3.5,3.5,3.5,3.5,3.5,3.5,3.5,3.5,3.5,3.5,3.5,3.5,3.5,3.5,3.5,3.5,3.5,3.5,3.5,3.5,3.5,3.5,3.5,3.5,3.5,3.5,3.5,3.5,3.5,3.5,3.5,3.5,3.5,3.5,3.5,3.5,3.5,3.5,3.5,3.5,3.5,3.5,3.5,3.5,3.5,3.5,3.5,3.5,3.5,3.27,2.77,2.16,1.51,0.93,0.44,0.12,0,0,0,0,0,0,0,0,0,0,0,0,0,0,0,0,0,0,0,0,0,0,0,0,0,0,0,0,0,0
PARAM_wall_Y=0,0,0,0,0,0,0,0,0,0,0,0,0,0,0,0,0,0,0,0,0,0,0,0,0,0,0,0,0,0,0,0,0,0,0,0,0,0,0,0,0,0,0,0,0,0,0,0,-0.012,-0.04,-0.09,-0.15,-0.22,-0.29,-0.36,-0.43,-0.48,-0.53,-0.57,-0.59,-0.6,-0.6,-0.6,-0.6,-0.6,-0.6,-0.6,-0.6,-0.6,-0.6,-0.6,-0.6,-0.6,-0.6,-0.6,-0.6,-0.6,-0.6,-0.6,-0.6,-0.6,-0.6,-0.6,-0.6,-0.6,-0.6,-0.6,-0.6,-0.6,-0.6,-0.6,-0.6,-0.6,-0.6,-0.6,-0.6,-0.6,-0.6,-0.6,-0.6,-0.6,-0.6,-0.6,-0.6,-0.6,-0.6,-0.6,-0.6,-0.6,-0.6,-0.6,-0.6,-0.6,-0.6,-0.6,-0.6,-0.6,-0.6,-0.6,-0.6,-0.6,-0.6,-0.6,-0.6,-0.6,-0.6,-0.6,-0.6,-0.6,-0.6,-0.6,-0.6,-0.6,-0.6,-0.6,-0.6,-0.6,-0.6,-0.6,-0.6,-0.6,-0.6,-0.6,-0.6,-0.6,-0.6,-0.56,-0.48,-0.37,-0.26,-0.16,-0.08,-0.02,0,0,0,0,0,0,0,0,0,0,0,0,0,0,0,0,0,0,0,0,0,0,0,0,0,0,0,0,0,0