# Live2D Animator Motion Data
$fps=30

$fadein=1000

$fadeout=1000

PARAM_ANGLE_X=0
PARAM_ANGLE_Y=0,0,0,0,0,0,0,0,0,0,0,0.2,0.77,1.67,2.81,4.16,5.64,7.2,8.8,10.36,11.84,13.19,14.33,15.23,15.8,16,14.83,11.76,7.33,2.27,-2.99,-7.89,-12.08,-15.28,-17.29,-18,-17.95,-17.81,-17.58,-17.27,-16.89,-16.43,-15.92,-15.34,-14.72,-14.05,-13.33,-12.59,-11.82,-11.03,-10.22,-9.41,-8.59,-7.78,-6.97,-6.18,-5.41,-4.67,-3.95,-3.28,-2.66,-2.08,-1.57,-1.11,-0.73,-0.42,-0.19,-0.05,0,-0.03,-0.13,-0.28,-0.48,-0.73,-1.04,-1.38,-1.76,-2.18,-2.63,-3.11,-3.61,-4.13,-4.67,-5.22,-5.79,-6.35,-6.93,-7.5,-8.06,-8.63,-9.17,-9.7,-10.22,-10.72,-11.19,-11.63,-12.05,-12.43,-12.78,-13.09,-13.36,-13.58,-13.76,-13.89,-13.97,-14,-13.88,-13.53,-13.02,-12.34,-11.55,-10.65,-9.69,-8.69,-7.66,-6.61,-5.59,-4.6,-3.66,-2.8,-2.01,-1.33,-0.77,-0.36,-0.09,0,0,0,0,0,0,0,0,0,0,0,0,0,0,0,0,0,0,0,0,0,0,0,0,0,0,0,0,0,0,0,0,0,0,0,0,0,0,0,0,0,0,0,0,0,0,0,0,0
PARAM_ANGLE_Z=0
PARAM_BROW_L_Y=0
PARAM_BROW_R_Y=0
PARAM_BROW_L_X=0
PARAM_BROW_R_X=0
PARAM_eyebrow Change=0.5
PARAM_EYE_L_OPEN=1,1,1,1,1,1,1,1,1,1,1,0.999,0.996,0.991,0.984,0.977,0.968,0.959,0.951,0.942,0.933,0.926,0.919,0.914,0.911,0.91,0.91,0.91,0.91,0.91,0.91,0.91,0.91,0.91,0.91,0.91,0.91,0.91,0.91,0.91,0.91,0.91,0.91,0.91,0.91,0.91,0.91,0.91,0.91,0.91,0.91,0.91,0.91,0.91,0.91,0.91,0.91,0.91,0.91,0.91,0.91,0.91,0.91,0.91,0.91,0.91,0.91,0.91,0.91,0.91,0.91,0.91,0.91,0.91,0.91,0.91,0.91,0.91,0.91,0.91,0.25,0,0.64,0.89,0.904,0.909,0.91,0.91,0.25,0,0.65,0.89,0.89,0.891,0.89,0.892,0.89,0.893,0.894,0.89,0.895,0.9,0.896,0.9,0.897,0.9,0.898,0.9,0.899,0.9,0.9,0.9,0.901,0.9,0.902,0.9,0.903,0.904,0.9,0.905,0.906,0.91,0.908,0.908,0.909,0.91,0.912,0.915,0.918,0.923,0.928,0.934,0.94,0.947,0.953,0.96,0.966,0.972,0.978,0.983,0.988,0.992,0.995,0.998,0.999,1,1,1,1,1,1,1,1,1,1,1,1,1,1,1,1,1,1,1,1,1,1,1,1,1,1,1,1,1
PARAM_EYE_R_OPEN=1,1,1,1,1,1,1,1,1,1,1,0.999,0.996,0.991,0.984,0.977,0.968,0.959,0.951,0.942,0.933,0.926,0.919,0.914,0.911,0.91,0.91,0.91,0.91,0.91,0.91,0.91,0.91,0.91,0.91,0.91,0.91,0.91,0.91,0.91,0.91,0.91,0.91,0.91,0.91,0.91,0.91,0.91,0.91,0.91,0.91,0.91,0.91,0.91,0.91,0.91,0.91,0.91,0.91,0.91,0.91,0.91,0.91,0.91,0.91,0.91,0.91,0.91,0.91,0.91,0.91,0.91,0.91,0.91,0.91,0.91,0.91,0.91,0.91,0.91,0.25,0,0.64,0.89,0.904,0.909,0.91,0.91,0.25,0,0.65,0.89,0.89,0.891,0.89,0.892,0.89,0.893,0.894,0.89,0.895,0.9,0.896,0.9,0.897,0.9,0.898,0.9,0.899,0.9,0.9,0.9,0.901,0.9,0.902,0.9,0.903,0.904,0.9,0.905,0.906,0.91,0.908,0.908,0.909,0.91,0.912,0.915,0.918,0.923,0.928,0.934,0.94,0.947,0.953,0.96,0.966,0.972,0.978,0.983,0.988,0.992,0.995,0.998,0.999,1,1,1,1,1,1,1,1,1,1,1,1,1,1,1,1,1,1,1,1,1,1,1,1,1,1,1,1,1
PARAM_Smile eye=0
PARAM_Angry eye=0,0,0,0,0,0,0,0,0,0,0,0.013,0.05,0.1,0.18,0.26,0.35,0.45,0.55,0.65,0.74,0.82,0.9,0.95,0.99,1,1,1,1,1,1,1,1,1,1,1,1,1,1,1,1,1,1,1,1,1,1,1,1,1,1,1,1,1,1,1,1,1,1,1,1,1,1,1,1,1,1,1,1,1,1,1,1,1,1,1,1,1,1,1,1,1,1,1,1,1,1,1,1,1,1,1,1,1,1,1,1,1,1,1,1,1,1,1,1,1,1,1,1,1,1,1,1,1,1,1,1,1,1,1,1,1,1,1,1,1,0.991,0.97,0.93,0.88,0.82,0.76,0.69,0.62,0.55,0.47,0.4,0.33,0.26,0.2,0.14,0.09,0.06,0.03,0.007,0,0,0,0,0,0,0,0,0,0,0,0,0,0,0,0,0,0,0,0,0,0,0,0,0,0,0,0,0
PARAM_EYE_BALL_X=0
PARAM_EYE_BALL_Y=0,0,0,0,0,0,0,0,0,0,0,-0.008,-0.03,-0.07,-0.12,-0.17,-0.24,-0.3,-0.37,-0.43,-0.5,-0.55,-0.6,-0.64,-0.66,-0.67,-0.62,-0.49,-0.31,-0.1,0.12,0.33,0.5,0.64,0.72,0.75,0.75,0.75,0.75,0.75,0.75,0.75,0.75,0.75,0.75,0.75,0.75,0.75,0.75,0.75,0.75,0.75,0.75,0.75,0.75,0.75,0.75,0.75,0.75,0.75,0.75,0.75,0.75,0.75,0.75,0.75,0.75,0.75,0.75,0.75,0.75,0.75,0.75,0.75,0.75,0.75,0.75,0.75,0.75,0.75,0.75,0.75,0.75,0.75,0.75,0.75,0.75,0.75,0.75,0.75,0.75,0.75,0.75,0.75,0.75,0.75,0.75,0.75,0.75,0.75,0.75,0.75,0.75,0.75,0.75,0.75,0.75,0.75,0.75,0.75,0.75,0.75,0.75,0.75,0.75,0.75,0.75,0.75,0.75,0.75,0.75,0.75,0.75,0.75,0.75,0.75,0.744,0.725,0.7,0.66,0.62,0.57,0.52,0.47,0.41,0.35,0.3,0.25,0.2,0.15,0.11,0.07,0.04,0.02,0.005,0,0,0,0,0,0,0,0,0,0,0,0,0,0,0,0,0,0,0,0,0,0,0,0,0,0,0,0,0
PARAM_MOUTH_FORM=0,0,0,0,0,0,0,0,0,0,0,0.013,0.05,0.1,0.18,0.26,0.35,0.45,0.55,0.65,0.74,0.82,0.9,0.95,0.99,1,1,1,1,1,1,1,1,1,1,1,1,1,1,1,1,1,1,1,1,1,1,1,1,1,1,1,1,1,1,1,1,1,1,1,1,1,1,1,1,1,1,1,1,1,1,1,1,1,1,1,1,1,1,1,1,1,1,1,1,1,1,1,1,1,1,1,1,1,1,1,1,1,1,1,1,1,1,1,1,1,1,1,1,1,1,1,1,1,1,1,1,1,1,1,1,1,1,1,1,1,0.991,0.97,0.93,0.88,0.82,0.76,0.69,0.62,0.55,0.47,0.4,0.33,0.26,0.2,0.14,0.09,0.06,0.03,0.007,0,0,0,0,0,0,0,0,0,0,0,0,0,0,0,0,0,0,0,0,0,0,0,0,0,0,0,0,0
PARAM_MOUTH_OPEN_Y=0
PARAM_Mouth=0
PARAM_Mouth Angle=0
PARAM_CHEEK=1
PARAM_BODY_ANGLE_X=0
PARAM_BODY_ANGLE_Z=0
PARAM_BREATH=0,0,0.003,0.009,0.019,0.035,0.06,0.08,0.12,0.15,0.2,0.26,0.32,0.37,0.43,0.49,0.54,0.59,0.64,0.68,0.72,0.75,0.77,0.794,0.806,0.81,0.78,0.71,0.61,0.5,0.38,0.27,0.17,0.1,0.06,0.04,0.042,0.046,0.053,0.063,0.076,0.09,0.106,0.124,0.144,0.16,0.19,0.21,0.23,0.26,0.28,0.3,0.33,0.35,0.37,0.4,0.42,0.436,0.454,0.47,0.484,0.497,0.507,0.514,0.518,0.52,0.519,0.515,0.508,0.499,0.488,0.475,0.461,0.445,0.427,0.409,0.389,0.369,0.35,0.33,0.31,0.28,0.26,0.24,0.221,0.201,0.183,0.165,0.149,0.135,0.122,0.111,0.102,0.095,0.091,0.09,0.091,0.096,0.102,0.111,0.123,0.136,0.151,0.167,0.185,0.204,0.22,0.245,0.27,0.29,0.31,0.33,0.35,0.38,0.396,0.42,0.435,0.453,0.469,0.484,0.497,0.509,0.518,0.524,0.529,0.53,0.525,0.512,0.493,0.47,0.44,0.4,0.37,0.33,0.29,0.25,0.21,0.17,0.14,0.11,0.08,0.05,0.03,0.014,0.004,0,0.003,0.012,0.025,0.04,0.056,0.07,0.083,0.092,0.098,0.1,0.097,0.088,0.075,0.06,0.044,0.03,0.017,0.008,0.002,0,0,0,0,0,0,0,0,0
PARAM_Bust Angle X=0
PARAM_Bust Angle Y=0
PARAM_Arm LT Angle=-5,-4.83,-4.38,-3.73,-2.98,-2.21,-1.49,-0.87,-0.4,-0.1,0,0,0,0,0,0,0,0,0,0,0,0,0,0,0,0,0,0,0,0,0,0,0,0,0,0,0,0,0,0,0,0,0,0,0,0,0,0,0,0,0,0,0,0,0,0,0,0,0,0,0,0,0,0,0,0,0,0,0,0,0,0,0,0,0,0,0,0,0,0,0,0,0,0,0,0,0,0,0,0,0,0,0,0,0,0,0,0,0,0,0,0,0,0,0,0,0,0,0,0,0,0,0,0,0,0,0,0,0,0,0,0,0,0,0,0,0,0,0,0,0,0,0,0,0,0,0,0,0,0,0,0,0,0,0,0,0,0,0,0,0,0,0,0,0,0,-0.17,-0.62,-1.27,-2.02,-2.79,-3.51,-4.13,-4.6,-4.9,-5,-5,-5,-5,-5,-5,-5,-5,-5
PARAM_Arm RT Angle=-5,-4.83,-4.38,-3.73,-2.98,-2.21,-1.49,-0.87,-0.4,-0.1,0,0,0,0,0,0,0,0,0,0,0,0,0,0,0,0,0,0,0,0,0,0,0,0,0,0,0,0,0,0,0,0,0,0,0,0,0,0,0,0,0,0,0,0,0,0,0,0,0,0,0,0,0,0,0,0,0,0,0,0,0,0,0,0,0,0,0,0,0,0,0,0,0,0,0,0,0,0,0,0,0,0,0,0,0,0,0,0,0,0,0,0,0,0,0,0,0,0,0,0,0,0,0,0,0,0,0,0,0,0,0,0,0,0,0,0,0,0,0,0,0,0,0,0,0,0,0,0,0,0,0,0,0,0,0,0,0,0,0,0,0,0,0,0,0,0,-0.17,-0.62,-1.27,-2.02,-2.79,-3.51,-4.13,-4.6,-4.9,-5,-5,-5,-5,-5,-5,-5,-5,-5
PARAM_Arm LB Agle=-1,-0.98,-0.91,-0.82,-0.7,-0.57,-0.44,-0.32,-0.2,-0.09,0,0.09,0.18,0.25,0.31,0.37,0.41,0.45,0.48,0.51,0.525,0.54,0.55,0.556,0.559,0.56,0.56,0.56,0.56,0.56,0.56,0.56,0.56,0.56,0.56,0.56,0.56,0.56,0.56,0.56,0.56,0.56,0.56,0.56,0.56,0.56,0.56,0.56,0.56,0.56,0.56,0.56,0.56,0.56,0.56,0.56,0.56,0.56,0.56,0.56,0.56,0.56,0.56,0.56,0.56,0.56,0.56,0.56,0.56,0.56,0.56,0.56,0.56,0.56,0.56,0.56,0.56,0.56,0.56,0.56,0.56,0.56,0.56,0.56,0.56,0.56,0.56,0.56,0.56,0.56,0.56,0.56,0.56,0.56,0.56,0.56,0.56,0.56,0.56,0.56,0.56,0.56,0.56,0.56,0.56,0.56,0.56,0.56,0.56,0.56,0.56,0.56,0.56,0.56,0.56,0.56,0.56,0.56,0.56,0.56,0.56,0.56,0.56,0.56,0.56,0.56,0.555,0.541,0.52,0.49,0.46,0.43,0.39,0.35,0.31,0.26,0.22,0.18,0.15,0.11,0.08,0.05,0.03,0.014,0.004,0,0,0,0,0,0,0,0,0,0,0,-0.03,-0.12,-0.25,-0.4,-0.56,-0.7,-0.83,-0.92,-0.98,-1,-1,-1,-1,-1,-1,-1,-1,-1
PARAM_Arm RB Agle=-1,-0.98,-0.91,-0.81,-0.69,-0.57,-0.43,-0.31,-0.19,-0.09,0,0.09,0.16,0.23,0.29,0.34,0.38,0.41,0.44,0.46,0.48,0.493,0.501,0.507,0.509,0.51,0.51,0.51,0.51,0.51,0.51,0.51,0.51,0.51,0.51,0.51,0.51,0.51,0.51,0.51,0.51,0.51,0.51,0.51,0.51,0.51,0.51,0.51,0.51,0.51,0.51,0.51,0.51,0.51,0.51,0.51,0.51,0.51,0.51,0.51,0.51,0.51,0.51,0.51,0.51,0.51,0.51,0.51,0.51,0.51,0.51,0.51,0.51,0.51,0.51,0.51,0.51,0.51,0.51,0.51,0.51,0.51,0.51,0.51,0.51,0.51,0.51,0.51,0.51,0.51,0.51,0.51,0.51,0.51,0.51,0.51,0.51,0.51,0.51,0.51,0.51,0.51,0.51,0.51,0.51,0.51,0.51,0.51,0.51,0.51,0.51,0.51,0.51,0.51,0.51,0.51,0.51,0.51,0.51,0.51,0.51,0.51,0.51,0.51,0.51,0.51,0.506,0.493,0.474,0.45,0.42,0.39,0.35,0.32,0.28,0.24,0.2,0.17,0.13,0.1,0.07,0.05,0.028,0.013,0.003,0,0,0,0,0,0,0,0,0,0,0,-0.03,-0.12,-0.25,-0.4,-0.56,-0.7,-0.83,-0.92,-0.98,-1,-1,-1,-1,-1,-1,-1,-1,-1
PARAM_Arm L hand=0
PARAM_Arm R hand=0,0,0,0,0,0,0,0,0,0,0,0.004,0.015,0.032,0.05,0.08,0.11,0.14,0.17,0.2,0.23,0.26,0.28,0.295,0.306,0.31,0.31,0.31,0.31,0.31,0.31,0.31,0.31,0.31,0.31,0.31,0.31,0.31,0.31,0.31,0.31,0.31,0.31,0.31,0.31,0.31,0.31,0.31,0.31,0.31,0.31,0.31,0.31,0.31,0.31,0.31,0.31,0.31,0.31,0.31,0.31,0.31,0.31,0.31,0.31,0.31,0.31,0.31,0.31,0.31,0.31,0.31,0.31,0.31,0.31,0.31,0.31,0.31,0.31,0.31,0.31,0.31,0.31,0.31,0.31,0.31,0.31,0.31,0.31,0.31,0.31,0.31,0.31,0.31,0.31,0.31,0.31,0.31,0.31,0.31,0.31,0.31,0.31,0.31,0.31,0.31,0.31,0.31,0.31,0.31,0.31,0.31,0.31,0.31,0.31,0.31,0.31,0.31,0.31,0.31,0.31,0.31,0.31,0.31,0.31,0.31,0.307,0.3,0.288,0.273,0.256,0.236,0.21,0.19,0.17,0.15,0.12,0.1,0.081,0.062,0.044,0.029,0.017,0.008,0.002,0,0,0,0,0,0,0,0,0,0,0,0,0,0,0,0,0,0,0,0,0,0,0,0,0,0,0,0,0
PARAM_Hair Twist L=0
PARAM_Hair Twist R=0
PARAM_Hairfront_vive=0,0,0,0,0,0,0,0,0,0,0,0.009,0.03,0.07,0.12,0.18,0.24,0.31,0.37,0.44,0.5,0.56,0.61,0.65,0.68,0.694,0.7,0.61,0.38,0.11,-0.16,-0.38,-0.51,-0.56,-0.32,0.13,0.37,0.18,-0.16,-0.35,-0.31,-0.2,-0.06,0.07,0.18,0.22,0.2,0.14,0.07,0,-0.06,-0.11,-0.15,-0.16,-0.159,-0.155,-0.148,-0.14,-0.13,-0.118,-0.104,-0.09,-0.074,-0.058,-0.041,-0.023,-0.005,0.013,0.031,0.048,0.066,0.083,0.099,0.114,0.128,0.142,0.154,0.164,0.173,0.18,0.186,0.189,0.19,0.19,0.19,0.19,0.19,0.189,0.19,0.188,0.187,0.186,0.185,0.184,0.183,0.181,0.18,0.178,0.177,0.175,0.173,0.171,0.169,0.167,0.165,0.162,0.16,0.157,0.154,0.151,0.148,0.145,0.142,0.139,0.135,0.131,0.128,0.124,0.12,0.116,0.111,0.107,0.103,0.098,0.093,0.088,0.083,0.078,0.073,0.068,0.062,0.056,0.051,0.045,0.039,0.033,0.026,0.02,0.013,0.007,0,-0.07,-0.18,-0.28,-0.35,-0.38,-0.367,-0.33,-0.28,-0.23,-0.17,-0.11,-0.07,-0.03,-0.01,0,0,0,0,0,0,0,0,0,0,0,0,0,0,0,0,0,0,0
PARAM_Hand L1=0
PARAM_Hand L2=0
PARAM_Hand L3=0,0,0,0,0,0,0,0,0,0,0,0,0,0,0,0,0,0,0,0,1,1,1,1,1,1,1,1,1,1,1,1,1,1,1,1,1,1,1,1,1,1,1,1,1,1,1,1,1,1,1,1,1,1,1,1,1,1,1,1,1,1,1,1,1,1,1,1,1,1,1,1,1,1,1,1,1,1,1,1,1,1,1,1,1,1,1,1,1,1,1,1,1,1,1,1,1,1,1,1,1,1,1,1,1,1,1,1,1,1,1,1,1,1,1,1,1,1,1,1,1,1,1,1,1,1,1,1,1,1,1,1,1,1,1,0,0,0,0,0,0,0,0,0,0,0,0,0,0,0,0,0,0,0,0,0,0,0,0,0,0,0,0,0,0,0,0,0,0,0,0,0,0,0
PARAM_HL4=0
PARAM_Hand_L5=0
PARAM_Hand_L8=1,1,1,1,1,1,1,1,1,1,1,1,1,1,1,1,1,1,1,1,0,0,0,0,0,0,0,0,0,0,0,0,0,0,0,0,0,0,0,0,0,0,0,0,0,0,0,0,0,0,0,0,0,0,0,0,0,0,0,0,0,0,0,0,0,0,0,0,0,0,0,0,0,0,0,0,0,0,0,0,0,0,0,0,0,0,0,0,0,0,0,0,0,0,0,0,0,0,0,0,0,0,0,0,0,0,0,0,0,0,0,0,0,0,0,0,0,0,0,0,0,0,0,0,0,0,0,0,0,0,0,0,0,0,0,1,1,1,1,1,1,1,1,1,1,1,1,1,1,1,1,1,1,1,1,1,1,1,1,1,1,1,1,1,1,1,1,1,1,1,1,1,1,1
PARAM_Hand R1=0
PARAM_Hand R2=0
PARAM_Hand R3=0,0,0,0,0,0,0,0,0,0,0,0,0,0,0,0,0,0,0,0,1,1,1,1,1,1,1,1,1,1,1,1,1,1,1,1,1,1,1,1,1,1,1,1,1,1,1,1,1,1,1,1,1,1,1,1,1,1,1,1,1,1,1,1,1,1,1,1,1,1,1,1,1,1,1,1,1,1,1,1,1,1,1,1,1,1,1,1,1,1,1,1,1,1,1,1,1,1,1,1,1,1,1,1,1,1,1,1,1,1,1,1,1,1,1,1,1,1,1,1,1,1,1,1,1,1,1,1,1,1,1,1,1,1,1,0,0,0,0,0,0,0,0,0,0,0,0,0,0,0,0,0,0,0,0,0,0,0,0,0,0,0,0,0,0,0,0,0,0,0,0,0,0,0
PARAM_Hand_R8=1,1,1,1,1,1,1,1,1,1,1,1,1,1,1,1,1,1,1,1,0,0,0,0,0,0,0,0,0,0,0,0,0,0,0,0,0,0,0,0,0,0,0,0,0,0,0,0,0,0,0,0,0,0,0,0,0,0,0,0,0,0,0,0,0,0,0,0,0,0,0,0,0,0,0,0,0,0,0,0,0,0,0,0,0,0,0,0,0,0,0,0,0,0,0,0,0,0,0,0,0,0,0,0,0,0,0,0,0,0,0,0,0,0,0,0,0,0,0,0,0,0,0,0,0,0,0,0,0,0,0,0,0,0,0,1,1,1,1,1,1,1,1,1,1,1,1,1,1,1,1,1,1,1,1,1,1,1,1,1,1,1,1,1,1,1,1,1,1,1,1,1,1,1
PARAM_suprise=0
PARAM_mouth=1
PARAM_moveX=0
PARAM_moveY=0
PARAM_bodyS=0
PARAM_ruyao=0
PARAM_jingli=0
PARAM_armFX=0
PARAM_arm=1