# Live2D Animator Motion Data
$fps=30

PARAM_ANGLE_X=0,0.16,0.59,1.25,2.08,3,4,5,5.92,6.75,7.41,7.84,8,7.63,6.6,4.98,2.92,0.46,-2.22,-5.06,-7.94,-10.78,-13.46,-15.92,-17.98,-19.6,-20.63,-21,-21,-21,-21,-21,-21,-21,-21,-21,-20.94,-20.78,-20.54,-20.24,-19.9,-19.54,-19.19,-18.87,-18.58,-18.34,-18.15,-18.04,-18,-18.54,-19.39,-20.2,-20.77,-21,-21,-21,-21,-21,-21,-20.89,-20.63,-20.27,-19.86,-19.41,-18.94,-18.47,-18,-17.49,-16.98,-16.48,-15.99,-15.52,-15.04,-14.58,-14.12,-13.67,-13.22,-12.79,-12.36,-11.94,-11.53,-11.13,-10.73,-10.34,-9.96,-9.58,-9.21,-8.85,-8.5,-8.16,-7.82,-7.49,-7.17,-6.85,-6.55,-6.25,-5.95,-5.67,-5.39,-5.12,-4.86,-4.6,-4.35,-4.11,-3.87,-3.64,-3.42,-3.21,-3,-2.8,-2.61,-2.43,-2.25,-2.07,-1.91,-1.75,-1.6,-1.46,-1.32,-1.19,-1.07,-0.95,-0.84,-0.74,-0.64,-0.56,-0.47,-0.4,-0.33,-0.26,-0.21,-0.16,-0.12,-0.08,-0.05,-0.03,-0.013,-0.003,0,0,0,0,0,0,0,0,0,0,0,0
PARAM_ANGLE_Y=0,0.3,1.1,2.34,3.9,5.63,7.5,9.37,11.1,12.66,13.9,14.7,15,14.61,13.5,11.77,9.56,6.94,4.07,1.04,-2.04,-5.07,-7.94,-10.56,-12.77,-14.5,-15.61,-16,-16,-16,-16,-16,-16,-16,-16,-16,-15.98,-15.93,-15.85,-15.75,-15.63,-15.51,-15.4,-15.29,-15.19,-15.11,-15.05,-15.01,-15,-15.18,-15.46,-15.73,-15.92,-16,-16,-16,-16,-16,-16,-15.999,-15.982,-15.94,-15.85,-15.73,-15.55,-15.31,-15,-14.61,-14.23,-13.85,-13.47,-13.11,-12.74,-12.38,-12.02,-11.67,-11.32,-10.97,-10.64,-10.3,-9.98,-9.65,-9.33,-9.02,-8.71,-8.4,-8.1,-7.8,-7.51,-7.23,-6.95,-6.67,-6.4,-6.14,-5.88,-5.62,-5.37,-5.13,-4.89,-4.66,-4.43,-4.21,-3.99,-3.78,-3.57,-3.37,-3.17,-2.98,-2.8,-2.62,-2.44,-2.28,-2.11,-1.96,-1.81,-1.66,-1.53,-1.39,-1.26,-1.14,-1.03,-0.92,-0.81,-0.72,-0.62,-0.54,-0.46,-0.39,-0.32,-0.26,-0.21,-0.16,-0.12,-0.08,-0.05,-0.03,-0.013,-0.003,0,0,0,0,0,0,0,0,0,0,0,0
PARAM_ANGLE_Z=0,-0.03,-0.12,-0.28,-0.51,-0.8,-1.17,-1.62,-2.12,-2.72,-3.41,-4.15,-5,-5.86,-6.66,-7.43,-8.13,-8.79,-9.38,-9.92,-10.39,-10.81,-11.17,-11.47,-11.7,-11.87,-11.97,-12,-11.61,-10.76,-9.7,-8.6,-7.59,-6.76,-6.21,-6,-6,-6,-6,-6,-6,-6,-6,-6,-6,-6,-6,-6,-6,-6,-6,-6,-6,-6,-6,-6,-6,-6,-6,-6.004,-6.018,-6.04,-6.07,-6.11,-6.15,-6.21,-6.27,-6.33,-6.41,-6.48,-6.57,-6.66,-6.76,-6.86,-6.96,-7.07,-7.19,-7.31,-7.43,-7.55,-7.68,-7.82,-7.95,-8.09,-8.22,-8.36,-8.5,-8.64,-8.78,-8.93,-9.07,-9.22,-9.36,-9.5,-9.64,-9.78,-9.91,-10.05,-10.18,-10.32,-10.45,-10.57,-10.69,-10.81,-10.93,-11.04,-11.14,-11.24,-11.34,-11.43,-11.52,-11.59,-11.67,-11.73,-11.79,-11.85,-11.89,-11.93,-11.96,-11.98,-11.996,-12,-11.85,-11.45,-10.83,-10.06,-9.17,-8.2,-7.17,-6.14,-5.09,-4.1,-3.15,-2.29,-1.52,-0.89,-0.41,-0.11,0,0,0,0,0,0,0,0,0,0,0,0
PARAM_BROW_L_Y=0
PARAM_BROW_R_Y=0
PARAM_BROW_L_X=0
PARAM_BROW_R_X=0
PARAM_eyebrow Change=0
PARAM_eyebrow2 Rotate=0
PARAM_EYE_L_OPEN=1,1,1,1,1,1,1,1,1,1,1,1,1,0.996,0.984,0.965,0.94,0.91,0.88,0.85,0.81,0.78,0.75,0.72,0.7,0.676,0.664,0.66,0.66,0.66,0.66,0.66,0.66,0.66,0.66,0.66,0.18,0,0.18,0.49,0.67,0.18,0,0.05,0.19,0.36,0.53,0.67,0.72,0.72,0.72,0.72,0.72,0.72,0.72,0.72,0.72,0.2,0,0.19,0.53,0.72,0.72,0.72,0.72,0.72,0.72,0.72,0.72,0.72,0.72,0.72,0.72,0.72,0.72,0.72,0.72,0.72,0.72,0.72,0.72,0.72,0.72,0.72,0.72,0.72,0.72,0.2,0,0.19,0.53,0.72,0.72,0.72,0.72,0.72,0.72,0.72,0.72,0.72,0.72,0.72,0.72,0.72,0.72,0.72,0.72,0.72,0.72,0.72,0.72,0.72,0.72,0.72,0.2,0,0.18,0.52,0.72,0.75,0.78,0.81,0.84,0.86,0.88,0.9,0.917,0.931,0.944,0.956,0.966,0.974,0.982,0.987,0.992,0.996,0.998,1,1,1,1,1,1,1,1,1,1,1,1,1
PARAM_EYE_R_OPEN=1,1,1,1,1,1,1,1,1,1,1,1,1,0.996,0.984,0.965,0.94,0.91,0.88,0.85,0.81,0.78,0.75,0.72,0.7,0.676,0.664,0.66,0.66,0.66,0.66,0.66,0.66,0.66,0.66,0.66,0.18,0,0.18,0.49,0.67,0.18,0,0.05,0.19,0.36,0.53,0.67,0.72,0.72,0.72,0.72,0.72,0.72,0.72,0.72,0.72,0.2,0,0.19,0.53,0.72,0.72,0.72,0.72,0.72,0.72,0.72,0.72,0.72,0.72,0.72,0.72,0.72,0.72,0.72,0.72,0.72,0.72,0.72,0.72,0.72,0.72,0.72,0.72,0.72,0.72,0.2,0,0.19,0.53,0.72,0.72,0.72,0.72,0.72,0.72,0.72,0.72,0.72,0.72,0.72,0.72,0.72,0.72,0.72,0.72,0.72,0.72,0.72,0.72,0.72,0.72,0.72,0.2,0,0.18,0.52,0.72,0.75,0.78,0.81,0.84,0.86,0.88,0.9,0.917,0.931,0.944,0.956,0.966,0.974,0.982,0.987,0.992,0.996,0.998,1,1,1,1,1,1,1,1,1,1,1,1,1
PARAM_Smile eye=1
PARAM_Angry eye=0
PARAM_EYE_BALL_X=0,0.006,0.021,0.04,0.07,0.11,0.14,0.17,0.21,0.24,0.26,0.274,0.28,0.276,0.266,0.251,0.231,0.21,0.18,0.15,0.13,0.1,0.07,0.05,0.029,0.014,0.004,0,0,0,0,0,0,0,0,0,0.01,0.04,0.07,0.12,0.18,0.23,0.29,0.34,0.39,0.43,0.46,0.474,0.48,0.39,0.26,0.13,0.04,0,0,0,0,0.008,0.03,0.07,0.11,0.16,0.21,0.27,0.32,0.37,0.4,0.43,0.45,0.459,0.467,0.476,0.484,0.491,0.499,0.506,0.513,0.52,0.526,0.532,0.538,0.544,0.55,0.555,0.56,0.565,0.57,0.575,0.579,0.583,0.587,0.591,0.595,0.598,0.602,0.605,0.608,0.611,0.613,0.616,0.618,0.62,0.623,0.624,0.626,0.628,0.63,0.631,0.632,0.634,0.635,0.636,0.636,0.637,0.64,0.638,0.64,0.639,0.64,0.64,0.64,0.64,0.632,0.61,0.58,0.54,0.49,0.44,0.38,0.33,0.27,0.22,0.17,0.12,0.08,0.05,0.02,0.006,0,0,0,0,0,0,0,0,0,0,0,0
PARAM_EYE_BALL_Y=0,0.012,0.04,0.09,0.15,0.22,0.29,0.36,0.43,0.49,0.54,0.57,0.58,0.573,0.552,0.52,0.48,0.43,0.38,0.32,0.26,0.2,0.15,0.1,0.06,0.03,0.007,0,0,0,0,0,0,0,0,0,0.008,0.028,0.06,0.1,0.14,0.18,0.23,0.27,0.31,0.34,0.36,0.375,0.38,0.31,0.2,0.1,0.03,0,0,0,0,0.003,0.012,0.025,0.041,0.059,0.08,0.1,0.119,0.137,0.152,0.164,0.17,0.174,0.177,0.181,0.184,0.187,0.19,0.194,0.196,0.199,0.202,0.205,0.207,0.21,0.212,0.214,0.216,0.219,0.221,0.222,0.224,0.226,0.228,0.229,0.231,0.232,0.234,0.235,0.236,0.238,0.239,0.24,0.241,0.242,0.243,0.243,0.244,0.24,0.246,0.246,0.25,0.247,0.25,0.248,0.25,0.25,0.249,0.25,0.25,0.25,0.25,0.25,0.25,0.25,0.247,0.238,0.226,0.21,0.191,0.17,0.15,0.13,0.11,0.09,0.066,0.048,0.032,0.019,0.009,0.002,0,0,0,0,0,0,0,0,0,0,0,0
PARAM_MOUTH_FORM=0
PARAM_MOUTH_OPEN_Y=0,0.016,0.06,0.12,0.21,0.3,0.4,0.49,0.58,0.67,0.73,0.77,0.79,0.78,0.75,0.71,0.65,0.58,0.51,0.43,0.36,0.28,0.21,0.14,0.08,0.04,0.01,0,0,0,0,0,0,0,0,0,0,0,0,0,0,0,0,0,0,0,0,0,0,0,0,0,0,0,0,0,0,0,0,0,0,0,0,0,0,0,0,0,0,0,0,0,0,0,0,0,0,0,0,0,0,0,0,0,0,0,0,0,0,0,0,0,0,0,0,0,0,0,0,0,0,0,0,0,0,0,0,0,0,0,0,0,0,0,0,0,0,0,0,0,0,0,0,0,0,0,0,0,0,0,0,0,0,0,0,0,0,0,0,0,0,0,0,0,0,0,0,0,0,0
PARAM_Mouth Angle=0
PARAM_CHEEK=1
PARAM_BODY_ANGLE_X=0,0,0,0,0,0,0,0,0,0,0,0,0,-0.08,-0.29,-0.63,-1.05,-1.56,-2.12,-2.7,-3.3,-3.88,-4.44,-4.95,-5.37,-5.71,-5.92,-6,-5.984,-5.94,-5.86,-5.76,-5.64,-5.5,-5.33,-5.15,-4.96,-4.76,-4.55,-4.33,-4.11,-3.89,-3.67,-3.45,-3.24,-3.04,-2.85,-2.67,-2.5,-2.36,-2.24,-2.14,-2.06,-2.02,-2,-2.003,-2.011,-2.024,-2.042,-2.07,-2.09,-2.13,-2.16,-2.2,-2.25,-2.3,-2.35,-2.4,-2.46,-2.52,-2.59,-2.66,-2.73,-2.8,-2.88,-2.95,-3.03,-3.12,-3.2,-3.28,-3.37,-3.46,-3.54,-3.63,-3.72,-3.81,-3.9,-3.99,-4.08,-4.17,-4.26,-4.35,-4.43,-4.52,-4.61,-4.69,-4.78,-4.86,-4.94,-5.02,-5.09,-5.17,-5.24,-5.31,-5.38,-5.44,-5.51,-5.57,-5.62,-5.67,-5.72,-5.77,-5.81,-5.85,-5.88,-5.91,-5.94,-5.96,-5.978,-5.99,-5.998,-6,-5.92,-5.72,-5.41,-5.03,-4.59,-4.1,-3.59,-3.07,-2.54,-2.05,-1.58,-1.14,-0.76,-0.45,-0.21,-0.05,0,0,0,0,0,0,0,0,0,0,0,0
PARAM_BODY_ANGLE_Z=0
PARAM_BREATH=0,0.009,0.03,0.07,0.12,0.18,0.24,0.29,0.35,0.4,0.44,0.46,0.47,0.464,0.447,0.42,0.39,0.35,0.3,0.26,0.21,0.17,0.12,0.08,0.05,0.02,0.006,0,0,0,0,0,0,0,0,0,0,0,0,0,0,0,0,0,0,0,0,0,0,0,0,0,0,0,0,0,0,0,0,0,0,0,0,0,0,0,0,0,0,0,0,0,0,0,0,0,0,0,0,0,0,0,0,0,0,0,0,0,0,0,0,0,0,0,0,0,0,0,0,0,0,0,0,0,0,0,0,0,0,0,0,0,0,0,0,0,0,0,0,0,0,0,0,0,0,0,0,0,0,0,0,0,0,0,0,0,0,0,0,0,0,0,0,0,0,0,0,0,0,0
PARAM_Bust Angle X=0
PARAM_Bust Angle Y=0
PARAM_Arm LT Angle=0.07,0.1,0.18,0.31,0.47,0.64,0.84,1.03,1.2,1.36,1.49,1.57,1.6,1.58,1.52,1.43,1.32,1.18,1.04,0.88,0.72,0.56,0.42,0.28,0.17,0.08,0.02,0,0,0,0,0,0,0,0,0,0,0,0,0,0,0,0,0,0,0,0,0,0,0,0,0,0,0,0,0,0,0,0,0,0,0,0,0,0,0,0,0,0,0,0,0,0,0,0,0,0,0,0,0,0,0,0,0,0,0,0,0,0,0,0,0,0,0,0,0,0,0,0,0,0,0,0,0,0,0,0,0,0,0,0,0,0,0,0,0,0,0,0,0,0,0,0,0.003,0.007,0.011,0.017,0.022,0.028,0.034,0.04,0.046,0.052,0.057,0.061,0.065,0.068,0.069,0.07,0.07,0.07,0.07,0.07,0.07,0.07,0.07,0.07,0.07,0.07,0.07
PARAM_Arm RT Angle=0.07,0.1,0.18,0.31,0.47,0.64,0.84,1.03,1.2,1.36,1.49,1.57,1.6,1.58,1.52,1.43,1.32,1.18,1.04,0.88,0.72,0.56,0.42,0.28,0.17,0.08,0.02,0,0,0,0,0,0,0,0,0,0,0,0,0,0,0,0,0,0,0,0,0,0,0,0,0,0,0,0,0,0,0,0,0,0,0,0,0,0,0,0,0,0,0,0,0,0,0,0,0,0,0,0,0,0,0,0,0,0,0,0,0,0,0,0,0,0,0,0,0,0,0,0,0,0,0,0,0,0,0,0,0,0,0,0,0,0,0,0,0,0,0,0,0,0,0,0,0.003,0.007,0.011,0.017,0.022,0.028,0.034,0.04,0.046,0.052,0.057,0.061,0.065,0.068,0.069,0.07,0.07,0.07,0.07,0.07,0.07,0.07,0.07,0.07,0.07,0.07,0.07
PARAM_Arm LB Agle=0,0,0,0,0,0,0,0,0,0,0,0,0,0.003,0.01,0.022,0.037,0.055,0.074,0.095,0.12,0.136,0.155,0.173,0.188,0.2,0.207,0.21,0.21,0.21,0.21,0.21,0.21,0.21,0.21,0.21,0.21,0.21,0.21,0.21,0.21,0.21,0.21,0.21,0.21,0.21,0.21,0.21,0.21,0.21,0.21,0.21,0.21,0.21,0.21,0.21,0.21,0.21,0.21,0.21,0.21,0.21,0.21,0.21,0.21,0.21,0.21,0.21,0.21,0.21,0.21,0.21,0.21,0.21,0.21,0.21,0.21,0.21,0.21,0.21,0.21,0.21,0.21,0.21,0.21,0.21,0.21,0.21,0.21,0.21,0.21,0.21,0.21,0.21,0.21,0.21,0.21,0.21,0.21,0.21,0.21,0.21,0.21,0.21,0.21,0.21,0.21,0.21,0.21,0.21,0.21,0.21,0.21,0.21,0.21,0.21,0.21,0.21,0.21,0.21,0.21,0.21,0.207,0.2,0.189,0.176,0.16,0.144,0.125,0.107,0.089,0.072,0.055,0.04,0.027,0.016,0.007,0.002,0,0,0,0,0,0,0,0,0,0,0,0
PARAM_Arm RB Agle=0,0,0,0,0,0,0,0,0,0,0,0,0,0.003,0.011,0.024,0.04,0.06,0.08,0.1,0.13,0.15,0.17,0.19,0.206,0.219,0.227,0.23,0.23,0.23,0.23,0.23,0.23,0.23,0.23,0.23,0.23,0.23,0.23,0.23,0.23,0.23,0.23,0.23,0.23,0.23,0.23,0.23,0.23,0.23,0.23,0.23,0.23,0.23,0.23,0.23,0.23,0.23,0.23,0.23,0.23,0.23,0.23,0.23,0.23,0.23,0.23,0.23,0.23,0.23,0.23,0.23,0.23,0.23,0.23,0.23,0.23,0.23,0.23,0.23,0.23,0.23,0.23,0.23,0.23,0.23,0.23,0.23,0.23,0.23,0.23,0.23,0.23,0.23,0.23,0.23,0.23,0.23,0.23,0.23,0.23,0.23,0.23,0.23,0.23,0.23,0.23,0.23,0.23,0.23,0.23,0.23,0.23,0.23,0.23,0.23,0.23,0.23,0.23,0.23,0.23,0.23,0.227,0.219,0.208,0.193,0.176,0.157,0.137,0.118,0.098,0.079,0.06,0.044,0.029,0.017,0.008,0.002,0,0,0,0,0,0,0,0,0,0,0,0
PARAM_Arm L hand=0,0.007,0.025,0.05,0.09,0.13,0.17,0.21,0.25,0.29,0.31,0.333,0.34,0.336,0.324,0.305,0.28,0.25,0.22,0.19,0.15,0.12,0.09,0.06,0.04,0.016,0.004,0,0,0,0,0,0,0,0,0,0,0,0,0,0,0,0,0,0,0,0,0,0,0,0,0,0,0,0,0,0,0,0,0,0,0,0,0,0,0,0,0,0,0,0,0,0,0,0,0,0,0,0,0,0,0,0,0,0,0,0,0,0,0,0,0,0,0,0,0,0,0,0,0,0,0,0,0,0,0,0,0,0,0,0,0,0,0,0,0,0,0,0,0,0,0,0,0,0,0,0,0,0,0,0,0,0,0,0,0,0,0,0,0,0,0,0,0,0,0,0,0,0,0
PARAM_Arm R hand=0,0.007,0.025,0.05,0.09,0.13,0.17,0.21,0.25,0.29,0.31,0.333,0.34,0.336,0.324,0.305,0.28,0.25,0.22,0.19,0.15,0.12,0.09,0.06,0.04,0.016,0.004,0,0,0,0,0,0,0,0,0,0,0,0,0,0,0,0,0,0,0,0,0,0,0,0,0,0,0,0,0,0,0,0,0,0,0,0,0,0,0,0,0,0,0,0,0,0,0,0,0,0,0,0,0,0,0,0,0,0,0,0,0,0,0,0,0,0,0,0,0,0,0,0,0,0,0,0,0,0,0,0,0,0,0,0,0,0,0,0,0,0,0,0,0,0,0,0,0,0,0,0,0,0,0,0,0,0,0,0,0,0,0,0,0,0,0,0,0,0,0,0,0,0,0
PARAM_Hair Twist L=0.4,0.4,0.4,0.4,0.4,0.4,0.4,0.4,0.4,0.4,0.4,0.4,0.4,0.401,0.404,0.409,0.415,0.422,0.429,0.436,0.443,0.448,0.453,0.457,0.459,0.46,0.46,0.46,0.46,0.46,0.46,0.46,0.46,0.46,0.459,0.46,0.46,0.46,0.458,0.46,0.46,0.457,0.46,0.456,0.46,0.455,0.45,0.454,0.45,0.453,0.45,0.452,0.45,0.451,0.45,0.45,0.449,0.45,0.447,0.447,0.45,0.445,0.445,0.444,0.44,0.442,0.442,0.44,0.44,0.439,0.439,0.438,0.44,0.436,0.436,0.435,0.43,0.433,0.432,0.432,0.431,0.43,0.429,0.429,0.428,0.427,0.43,0.425,0.425,0.424,0.42,0.422,0.421,0.421,0.42,0.42,0.418,0.418,0.42,0.416,0.416,0.415,0.41,0.414,0.413,0.41,0.412,0.411,0.41,0.41,0.41,0.409,0.408,0.41,0.407,0.41,0.406,0.41,0.405,0.4,0.4,0.404,0.4,0.403,0.4,0.4,0.402,0.4,0.4,0.4,0.401,0.4,0.4,0.4,0.4,0.4,0.4,0.4,0.4,0.4,0.4,0.4,0.4,0.4,0.4,0.4,0.4,0.4,0.4,0.4
PARAM_Hair Twist R=-0.6,-0.6,-0.6,-0.6,-0.6,-0.6,-0.6,-0.6,-0.6,-0.6,-0.6,-0.6,-0.6,-0.6,-0.6,-0.6,-0.6,-0.6,-0.6,-0.6,-0.6,-0.6,-0.6,-0.6,-0.6,-0.6,-0.6,-0.6,-0.6,-0.6,-0.6,-0.6,-0.6,-0.6,-0.6,-0.6,-0.6,-0.6,-0.6,-0.6,-0.6,-0.6,-0.6,-0.6,-0.6,-0.6,-0.6,-0.6,-0.6,-0.6,-0.6,-0.6,-0.6,-0.6,-0.6,-0.6,-0.6,-0.6,-0.6,-0.6,-0.6,-0.6,-0.6,-0.6,-0.6,-0.6,-0.6,-0.6,-0.6,-0.6,-0.6,-0.6,-0.6,-0.6,-0.6,-0.6,-0.6,-0.6,-0.6,-0.6,-0.6,-0.6,-0.6,-0.6,-0.6,-0.6,-0.6,-0.6,-0.6,-0.6,-0.6,-0.6,-0.6,-0.6,-0.6,-0.6,-0.6,-0.6,-0.6,-0.6,-0.6,-0.6,-0.6,-0.6,-0.6,-0.6,-0.6,-0.6,-0.6,-0.6,-0.6,-0.6,-0.6,-0.6,-0.6,-0.6,-0.6,-0.6,-0.6,-0.6,-0.6,-0.6,-0.6,-0.6,-0.6,-0.6,-0.6,-0.6,-0.6,-0.6,-0.6,-0.6,-0.6,-0.6,-0.6,-0.6,-0.6,-0.6,-0.6,-0.6,-0.6,-0.6,-0.6,-0.6,-0.6,-0.6,-0.6,-0.6,-0.6,-0.6
PARAM_Hairfront_vive=0,0,0,0,0,0,0,0,0,0,0,0,0,0,0,0,0,0,0,0,0,0,0,0,0,0,0.006,0.023,0.05,0.08,0.11,0.14,0.18,0.21,0.24,0.27,0.3,0.314,0.326,0.33,0.32,0.29,0.25,0.19,0.13,0.07,0.01,-0.05,-0.11,-0.15,-0.18,-0.19,-0.184,-0.167,-0.14,-0.11,-0.07,-0.03,0.01,0.05,0.1,0.14,0.18,0.21,0.25,0.27,0.293,0.306,0.31,0.31,0.31,0.308,0.307,0.305,0.303,0.301,0.298,0.296,0.292,0.289,0.285,0.281,0.277,0.272,0.268,0.263,0.258,0.253,0.247,0.241,0.236,0.23,0.224,0.218,0.211,0.205,0.199,0.192,0.186,0.179,0.172,0.166,0.159,0.153,0.146,0.139,0.133,0.126,0.12,0.113,0.107,0.1,0.094,0.088,0.082,0.076,0.071,0.065,0.06,0.054,0.049,0.044,0.04,0.035,0.031,0.027,0.023,0.02,0.016,0.013,0.011,0.008,0.006,0.004,0.003,0.002,0.001,0,0,0,0,0,0,0,0,0,0,0,0,0
PARAM_Hand L3=0
PARAM_HL4=1
PARAM_Hand R2=0
PARAM_Hand R3=0
PARAM_HR4=1
PARAM_shangxia=0,0,0,0,0,0,0,0,0,0,0,0,0,0.021,0.08,0.16,0.25,0.34,0.43,0.5,0.56,0.6,0.61,0.57,0.46,0.32,0.19,0.09,0.02,0,0,0,0,0,0,0,0,0,0,0,0,0,0,0,0,0,0,0,0,0,0,0,0,0,0,0,0,0,0,0,0,0,0,0,0,0,0,0,0,0,0,0,0,0,0,0,0,0,0,0,0,0,0,0,0,0,0,0,0,0,0,0,0,0,0,0,0,0,0,0,0,0,0,0,0,0,0,0,0,0,0,0,0,0,0,0,0,0,0,0,0,0,0.014,0.05,0.1,0.15,0.21,0.27,0.32,0.37,0.41,0.43,0.44,0.41,0.33,0.22,0.11,0.03,0,0.06,0.16,0.25,0.31,0.34,0.31,0.25,0.17,0.09,0.03,0