# Live2D Animator Motion Data
$fps=30

PARAM_ANGLE_X=0
PARAM_ANGLE_Y=0
PARAM_ANGLE_Z=0
PARAM_BROW_L_Y=0,-0.006,-0.022,-0.05,-0.08,-0.12,-0.16,-0.21,-0.26,-0.3,-0.35,-0.39,-0.42,-0.45,-0.463,-0.47,-0.47,-0.472,-0.473,-0.473,-0.474,-0.47,-0.475,-0.476,-0.48,-0.477,-0.48,-0.48,-0.478,-0.48,-0.48,-0.48,-0.479,-0.48,-0.48,-0.48,-0.48,-0.48,-0.48,-0.48,-0.48,-0.48,-0.48,-0.48,-0.48,-0.48,0,0,0,0,0,0,0,0,0,0,0,0,0,0,0,0,0,0,0,0,0,0,0,0,0,0,0,0,0,-0.35,-0.48,-0.48,-0.48,-0.48,-0.48,-0.48,-0.48,-0.48,-0.48,-0.48,-0.48,-0.48,-0.48,-0.48,-0.48,-0.48,-0.48,-0.48,-0.48,-0.48,-0.478,-0.477,-0.475,-0.473,-0.47,-0.452,-0.41,-0.36,-0.3,-0.24,-0.18,-0.12,-0.07,-0.03,-0.01,0,0,0,0,0,0,0,0,0,0,0,0,0,0
PARAM_BROW_R_Y=0,-0.007,-0.03,-0.06,-0.1,-0.15,-0.21,-0.26,-0.32,-0.38,-0.43,-0.48,-0.52,-0.56,-0.58,-0.59,-0.592,-0.594,-0.595,-0.597,-0.598,-0.6,-0.601,-0.602,-0.603,-0.6,-0.605,-0.606,-0.606,-0.61,-0.607,-0.61,-0.608,-0.61,-0.61,-0.609,-0.61,-0.61,-0.61,-0.61,-0.61,-0.61,-0.61,-0.61,-0.61,-0.61,0,0,0,0,0,0,0,0,0,0,0,0,0,0,0,0,0,0,0,0,0,0,0,0,0,0,0,0,0,-0.44,-0.61,-0.61,-0.61,-0.61,-0.61,-0.61,-0.61,-0.61,-0.61,-0.61,-0.61,-0.61,-0.61,-0.61,-0.61,-0.61,-0.61,-0.61,-0.61,-0.609,-0.607,-0.604,-0.6,-0.596,-0.59,-0.56,-0.51,-0.45,-0.37,-0.3,-0.22,-0.15,-0.09,-0.04,-0.01,0,0,0,0,0,0,0,0,0,0,0,0,0,0
PARAM_BROW_L_X=0,-0.011,-0.04,-0.09,-0.15,-0.22,-0.3,-0.38,-0.46,-0.54,-0.62,-0.69,-0.75,-0.8,-0.83,-0.84,-0.84,-0.84,-0.84,-0.84,-0.84,-0.84,-0.84,-0.84,-0.84,-0.84,-0.84,-0.84,-0.84,-0.84,-0.84,-0.84,-0.84,-0.84,-0.84,-0.84,-0.84,-0.84,-0.84,-0.84,-0.84,-0.84,-0.84,-0.84,-0.84,-0.84,0,0,0,0,0,0,0,0,0,0,0,0,0,0,0,0,0,0,0,0,0,0,0,0,0,0,0,0,0,-0.61,-0.84,-0.84,-0.84,-0.84,-0.84,-0.84,-0.84,-0.84,-0.84,-0.84,-0.84,-0.84,-0.84,-0.84,-0.84,-0.84,-0.84,-0.84,-0.84,-0.84,-0.84,-0.84,-0.84,-0.84,-0.84,-0.81,-0.75,-0.65,-0.55,-0.43,-0.32,-0.22,-0.13,-0.06,-0.02,0,0,0,0,0,0,0,0,0,0,0,0,0,0
PARAM_BROW_R_X=0,-0.011,-0.04,-0.09,-0.15,-0.22,-0.3,-0.38,-0.46,-0.54,-0.62,-0.69,-0.75,-0.8,-0.83,-0.84,-0.84,-0.84,-0.84,-0.84,-0.84,-0.84,-0.84,-0.84,-0.84,-0.84,-0.84,-0.84,-0.84,-0.84,-0.84,-0.84,-0.84,-0.84,-0.84,-0.84,-0.84,-0.84,-0.84,-0.84,-0.84,-0.84,-0.84,-0.84,-0.84,-0.84,0,0,0,0,0,0,0,0,0,0,0,0,0,0,0,0,0,0,0,0,0,0,0,0,0,0,0,0,0,-0.61,-0.84,-0.84,-0.84,-0.84,-0.84,-0.84,-0.84,-0.84,-0.84,-0.84,-0.84,-0.84,-0.84,-0.84,-0.84,-0.84,-0.84,-0.84,-0.84,-0.84,-0.84,-0.84,-0.84,-0.84,-0.84,-0.81,-0.75,-0.65,-0.55,-0.43,-0.32,-0.22,-0.13,-0.06,-0.02,0,0,0,0,0,0,0,0,0,0,0,0,0,0
PARAM_eyebrow Change=0,0,0,0,0,0,0,0,0,0,0,0,0,0,0,0,0,0,0,0,1,1,1,1,1,1,1,1,1,1,1,1,1,1,1,1,1,1,1,1,1,1,1,1,1,1,0,0,0,0,0,0,0,0,0,0,0,0,0,0,0,0,0,0,0,0,0,0,0,0,0,0,0,0,0,0.73,1,1,1,1,1,1,1,1,1,1,1,1,1,1,0.97,0.89,0.78,0.65,0.52,0.39,0.26,0.16,0.07,0.02,0,0,0,0,0,0,0,0,0,0,0,0,0,0,0,0,0,0,0,0,0,0,0,0,0
PARAM_eyebrow2 Rotate=0
PARAM_EYE_L_OPEN=1,1,1,1,1,1,1,1,1,1,1,1,1,1,1,1,1,1,1,1,0.27,0,0,0,0,0,0,0,0,0,0,0,0,0,0,0,0,0,0,0,0,0,0,0,0,0,0.73,1,0.76,0.36,0.09,0,0.26,0.74,1,0.27,0,0.26,0.74,1,1,1,1,1,1,1,1,1,1,1,1,1,1,1,1,0.27,0,0,0,0,0,0,0,0,0,0,0,0,0,0,0,0,0,0,0,0,0,0,0,0,0,0.03,0.11,0.22,0.35,0.48,0.61,0.74,0.84,0.93,0.98,1,1,1,1,1,1,1,1,1,1,1,1,1,1
PARAM_EYE_R_OPEN=1,1,1,1,1,1,1,1,1,1,1,1,1,1,1,1,1,1,1,1,0.27,0,0,0,0,0,0,0,0,0,0,0,0,0,0,0,0,0,0,0,0,0,0,0,0,0,0.73,1,0.76,0.36,0.09,0,0.26,0.74,1,0.27,0,0.26,0.74,1,1,1,1,1,1,1,1,1,1,1,1,1,1,1,1,0.27,0,0,0,0,0,0,0,0,0,0,0,0,0,0,0,0,0,0,0,0,0,0,0,0,0,0.03,0.11,0.22,0.35,0.48,0.61,0.74,0.84,0.93,0.98,1,1,1,1,1,1,1,1,1,1,1,1,1,1
PARAM_Smile eye=1,1,1,1,1,1,1,1,1,1,1,1,1,1,1,1,1,1,1,1,0.27,0,0,0,0,0,0,0,0,0,0,0,0,0,0,0,0,0,0,0,0,0,0,0,0,0,0,0,0,0,0,0,0,0,0,0,0,0,0,0,0,0,0,0,0,0,0,0,0,0,0,0,0,0,0,0,0,0,0,0,0,0,0,0,0,0,0,0,0,0,0,0,0,0,0,0,0,0,0,0,0,0.03,0.11,0.22,0.35,0.48,0.61,0.74,0.84,0.93,0.98,1,1,1,1,1,1,1,1,1,1,1,1,1,1
PARAM_Angry eye=0,0.006,0.024,0.05,0.09,0.13,0.18,0.23,0.29,0.35,0.41,0.47,0.52,0.57,0.62,0.66,0.7,0.73,0.76,0.78,0.797,0.813,0.825,0.835,0.843,0.849,0.853,0.856,0.858,0.859,0.86,0.86,0.86,0.86,0.86,0.86,0.86,0.86,0.86,0.86,0.86,0.86,0.86,0.86,0.86,0.86,0.86,0.86,0.86,0.86,0.86,0.86,0.86,0.86,0.86,0.86,0.86,0.86,0.86,0.86,0.86,0.86,0.86,0.86,0.86,0.86,0.86,0.86,0.86,0.86,0.86,0.86,0.86,0.86,0.86,0.86,0.86,0.86,0.86,0.86,0.86,0.86,0.86,0.86,0.86,0.86,0.86,0.86,0.86,0.86,0.86,0.859,0.855,0.849,0.838,0.824,0.803,0.78,0.75,0.71,0.66,0.59,0.51,0.42,0.34,0.26,0.19,0.13,0.08,0.03,0.01,0,0,0,0,0,0,0,0,0,0,0,0,0,0
PARAM_EYE_BALL_X=0
PARAM_EYE_BALL_Y=0
PARAM_MOUTH_FORM=0
PARAM_MOUTH_OPEN_Y=0,0.013,0.05,0.1,0.18,0.26,0.35,0.45,0.55,0.65,0.74,0.82,0.9,0.95,0.99,1,0.987,0.95,0.9,0.84,0.76,0.68,0.6,0.51,0.42,0.34,0.26,0.19,0.13,0.07,0.03,0.01,0,0,0,0,0,0,0,0,0,0,0,0,0,0,0,0,0,0,0,0,0,0,0,0,0,0,0,0,0,0,0,0,0,0,0,0,0,0,0,0,0,0,0,0,0,0,0,0,0,0,0,0,0,0,0,0,0,0,0.03,0.11,0.22,0.35,0.48,0.61,0.74,0.84,0.93,0.98,1,0.97,0.89,0.78,0.65,0.52,0.39,0.26,0.16,0.07,0.02,0,0,0,0,0,0,0,0,0,0,0,0,0,0
PARAM_Mouth=-1,-1,-1,-1,-1,-1,-1,-1,-1,-1,-1,-1,-1,-1,-1,-1,-0.987,-0.95,-0.9,-0.84,-0.76,-0.68,-0.6,-0.51,-0.42,-0.34,-0.26,-0.19,-0.13,-0.07,-0.03,-0.01,0,0,0,0,0,0,0,0,0,0,0,0,0,0,0,0,0,0,0,0,0,0,0,0,0,0,0,0,0,0,0,0,0,0,0,0,0,0,0,0,0,0,0,0,0,0,0,0,0,0,0,0,0,0,0,0,0,0,-0.03,-0.11,-0.22,-0.35,-0.48,-0.61,-0.74,-0.84,-0.93,-0.98,-1,-1,-1,-1,-1,-1,-1,-1,-1,-1,-1,-1,-1,-1,-1,-1,-1,-1,-1,-1,-1,-1,-1,-1,-1
PARAM_Mouth Angle=0
PARAM_CHEEK=1
PARAM_BODY_ANGLE_X=0
PARAM_BODY_ANGLE_Z=0,0,0,0,0,0,0,0,0,0,0,0,0,0,0,0,0,0,0,0,0,0,0,0,0,0,0,0,0,0,0,10,10,10,10,10,10,10,10,10,10,10,10,10,10,10,10,10,10,10,10,10,10,10,10,10,10,10,10,10,10,10,10,10,10,10,10,10,10,10,10,10,10,10,10,10,10,10,10,10,10,10,10,10,10,10,10,10,10,10,0,0,0,0,0,0,0,0,0,0,0,0,0,0,0,0,0,0,0,0,0,0,0,0,0,0,0,0,0,0,0,0,0,0,0
PARAM_BREATH=0,0.005,0.019,0.04,0.07,0.1,0.14,0.18,0.22,0.26,0.31,0.35,0.39,0.43,0.46,0.5,0.52,0.55,0.565,0.576,0.58,0.56,0.51,0.43,0.35,0.26,0.17,0.1,0.05,0.01,0,0,0.03,0.09,0.19,0.29,0.41,0.51,0.6,0.67,0.71,0.73,0.69,0.6,0.49,0.38,0.27,0.19,0.13,0.11,0.111,0.115,0.122,0.131,0.142,0.154,0.168,0.184,0.201,0.218,0.237,0.256,0.275,0.295,0.314,0.333,0.352,0.369,0.386,0.402,0.416,0.428,0.439,0.448,0.455,0.459,0.46,0.46,0.458,0.455,0.451,0.447,0.44,0.433,0.425,0.416,0.407,0.396,0.384,0.372,0,0.002,0.006,0.012,0.018,0.025,0.032,0.038,0.042,0.045,0.046,0.044,0.04,0.035,0.03,0.024,0.018,0.012,0.007,0.003,0.001,0,0,0,0,0,0,0,0,0,0,0,0,0,0
PARAM_Bust Angle X=0
PARAM_Bust Angle Y=0
PARAM_Arm LT Angle=0.07,0.12,0.27,0.5,0.8,1.14,1.54,1.96,2.4,2.85,3.31,3.75,4.18,4.6,4.97,5.32,5.62,5.86,6.04,6.16,6.2,6.13,5.94,5.61,5.18,4.65,4.04,3.36,2.62,1.84,1,0.19,0.1,0.14,0.25,0.41,0.61,0.83,1.06,1.29,1.51,1.72,1.91,2.07,2.19,2.27,2.3,2.24,2.1,1.9,1.67,1.43,1.2,0.97,0.79,0.63,0.54,0.5,0.56,0.72,0.96,1.23,1.51,1.76,1.99,2.16,2.26,2.3,2.291,2.27,2.23,2.18,2.12,2.04,1.97,1.88,1.8,1.71,1.62,1.53,1.44,1.36,1.28,1.21,1.15,1.1,1.06,1.03,1.007,1,1,1.26,1.93,2.91,4.03,5.19,6.27,7.19,7.9,8.34,8.5,8.23,7.55,6.63,5.55,4.43,3.33,2.28,1.41,0.7,0.24,0.07,0.07,0.07,0.07,0.07,0.07,0.07,0.07,0.07,0.07,0.07,0.07,0.07,0.07
PARAM_Arm RT Angle=0.07,0.12,0.27,0.5,0.8,1.14,1.54,1.96,2.4,2.85,3.31,3.75,4.18,4.6,4.97,5.32,5.62,5.86,6.04,6.16,6.2,6.13,5.94,5.61,5.18,4.65,4.04,3.36,2.62,1.84,1,0.19,0.1,0.14,0.25,0.41,0.61,0.83,1.06,1.29,1.51,1.72,1.91,2.07,2.19,2.27,2.3,2.24,2.1,1.9,1.67,1.43,1.2,0.97,0.79,0.63,0.54,0.5,0.56,0.72,0.96,1.23,1.51,1.76,1.99,2.16,2.26,2.3,2.291,2.27,2.23,2.18,2.12,2.04,1.97,1.88,1.8,1.71,1.62,1.53,1.44,1.36,1.28,1.21,1.15,1.1,1.06,1.03,1.007,1,1,1.26,1.93,2.91,4.03,5.19,6.27,7.19,7.9,8.34,8.5,8.23,7.55,6.63,5.55,4.43,3.33,2.28,1.41,0.7,0.24,0.07,0.07,0.07,0.07,0.07,0.07,0.07,0.07,0.07,0.07,0.07,0.07,0.07,0.07
PARAM_Arm LB Agle=0,0,0,0,0,0,0,0,0,0,0,0,0,0,0,0,0,0,0,0,0,0,0,0,0,0,0,0,0,0,0,0.68,0.94,0.939,0.937,0.934,0.931,0.927,0.923,0.918,0.914,0.911,0.907,0.904,0.902,0.901,0.9,0.902,0.906,0.911,0.917,0.924,0.931,0.937,0.942,0.946,0.949,0.95,0.948,0.944,0.937,0.93,0.922,0.915,0.909,0.904,0.901,0.9,0.9,0.901,0.902,0.904,0.906,0.908,0.91,0.913,0.916,0.918,0.921,0.924,0.926,0.929,0.931,0.933,0.935,0.937,0.938,0.939,0.94,0.94,0,0,0,0,0,0,0,0,0,0,0,0,0,0,0,0,0,0,0,0,0,0,0,0,0,0,0,0,0,0,0,0,0,0,0
PARAM_Arm RB Agle=0,0,0,0,0,0,0,0,0,0,0,0,0,0,0,0,0,0,0,0,0,0,0,0,0,0,0,0,0,0,0,0.68,0.94,0.939,0.937,0.934,0.931,0.927,0.923,0.918,0.914,0.911,0.907,0.904,0.902,0.901,0.9,0.902,0.906,0.911,0.917,0.924,0.931,0.937,0.942,0.946,0.949,0.95,0.948,0.944,0.937,0.93,0.922,0.915,0.909,0.904,0.901,0.9,0.9,0.901,0.902,0.904,0.906,0.908,0.91,0.913,0.916,0.918,0.921,0.924,0.926,0.929,0.931,0.933,0.935,0.937,0.938,0.939,0.94,0.94,0,0,0,0,0,0,0,0,0,0,0,0,0,0,0,0,0,0,0,0,0,0,0,0,0,0,0,0,0,0,0,0,0,0,0
PARAM_Arm L hand=0,0.009,0.03,0.07,0.12,0.18,0.24,0.31,0.38,0.45,0.53,0.6,0.67,0.74,0.8,0.86,0.91,0.94,0.97,0.993,1,1,1,1,1,1,1,1,1,1,1,1,1,1,1,1,1,1,1,1,1,1,1,1,1,1,1,0.97,0.89,0.78,0.65,0.52,0.39,0.26,0.16,0.07,0.02,0,0.03,0.12,0.25,0.4,0.56,0.7,0.83,0.92,0.98,1,1,1,1,1,1,1,1,1,1,1,1,1,1,1,1,1,1,1,1,1,1,1,1,1,1,1,1,1,1,1,1,1,1,0.97,0.89,0.78,0.65,0.52,0.39,0.26,0.16,0.07,0.02,0,0,0,0,0,0,0,0,0,0,0,0,0,0
PARAM_Arm R hand=0,0.009,0.03,0.07,0.12,0.18,0.24,0.31,0.38,0.45,0.53,0.6,0.67,0.74,0.8,0.86,0.91,0.94,0.97,0.993,1,1,1,1,1,1,1,1,1,1,1,1,1,1,1,1,1,1,1,1,1,1,1,1,1,1,1,0.97,0.89,0.78,0.65,0.52,0.39,0.26,0.16,0.07,0.02,0,0.03,0.12,0.25,0.4,0.56,0.7,0.83,0.92,0.98,1,1,1,1,1,1,1,1,1,1,1,1,1,1,1,1,1,1,1,1,1,1,1,1,1,1,1,1,1,1,1,1,1,1,0.97,0.89,0.78,0.65,0.52,0.39,0.26,0.16,0.07,0.02,0,0,0,0,0,0,0,0,0,0,0,0,0,0
PARAM_Hair Twist L=0.4,0.4,0.4,0.4,0.4,0.4,0.4,0.4,0.4,0.4,0.4,0.4,0.4,0.4,0.4,0.4,0.4,0.4,0.4,0.4,0.4,0.4,0.4,0.4,0.4,0.4,0.4,0.4,0.4,0.4,0.4,0.4,0.4,0.4,0.4,0.4,0.4,0.4,0.4,0.4,0.4,0.4,0.4,0.4,0.4,0.4,0.4,0.4,0.4,0.4,0.4,0.4,0.4,0.4,0.4,0.4,0.4,0.4,0.4,0.4,0.4,0.4,0.4,0.4,0.4,0.4,0.4,0.4,0.4,0.4,0.4,0.4,0.4,0.4,0.4,0.4,0.4,0.4,0.4,0.4,0.4,0.4,0.4,0.4,0.4,0.4,0.4,0.4,0.4,0.4,0.4,0.4,0.4,0.4,0.4,0.4,0.4,0.4,0.4,0.4,0.4,0.4,0.4,0.4,0.4,0.4,0.4,0.4,0.4,0.4,0.4,0.4,0.4,0.4,0.4,0.4,0.4,0.4,0.4,0.4,0.4,0.4,0.4,0.4,0.4
PARAM_Hair Twist R=-0.6,-0.6,-0.6,-0.6,-0.6,-0.6,-0.6,-0.6,-0.6,-0.6,-0.6,-0.6,-0.6,-0.6,-0.6,-0.6,-0.6,-0.6,-0.6,-0.6,-0.6,-0.6,-0.6,-0.6,-0.6,-0.6,-0.6,-0.6,-0.6,-0.6,-0.6,-0.6,-0.6,-0.6,-0.6,-0.6,-0.6,-0.6,-0.6,-0.6,-0.6,-0.6,-0.6,-0.6,-0.6,-0.6,-0.6,-0.6,-0.6,-0.6,-0.6,-0.6,-0.6,-0.6,-0.6,-0.6,-0.6,-0.6,-0.6,-0.6,-0.6,-0.6,-0.6,-0.6,-0.6,-0.6,-0.6,-0.6,-0.6,-0.6,-0.6,-0.6,-0.6,-0.6,-0.6,-0.6,-0.6,-0.6,-0.6,-0.6,-0.6,-0.6,-0.6,-0.6,-0.6,-0.6,-0.6,-0.6,-0.6,-0.6,-0.6,-0.6,-0.6,-0.6,-0.6,-0.6,-0.6,-0.6,-0.6,-0.6,-0.6,-0.6,-0.6,-0.6,-0.6,-0.6,-0.6,-0.6,-0.6,-0.6,-0.6,-0.6,-0.6,-0.6,-0.6,-0.6,-0.6,-0.6,-0.6,-0.6,-0.6,-0.6,-0.6,-0.6,-0.6
PARAM_Hairfront_vive=0
PARAM_Hand L1=0
PARAM_Hand L2=0
PARAM_Hand L3=0
PARAM_HL4=1,1,1,1,1,1,1,1,1,1,1,1,1,1,1,1,1,1,1,1,1,1,1,1,1,1,1,1,1,1,1,0.27,0,0,0,0,0,0,0,0,0,0,0,0,0,0,0,0,0,0,0,0,0,0,0,0,0,0,0,0,0,0,0,0,0,0,0,0,0,0,0,0,0,0,0,0,0,0,0,0,0,0,0,0,0,0,0,0,0,0,1,1,1,1,1,1,1,1,1,1,1,1,1,1,1,1,1,1,1,1,1,1,1,1,1,1,1,1,1,1,1,1,1,1,1
PARAM_HL5=0,0,0,0,0,0,0,0,0,0,0,0,0,0,0,0,0,0,0,0,0,0,0,0,0,0,0,0,0,0,0,0.73,1,1,1,1,1,1,1,1,1,1,1,1,1,1,1,1,1,1,1,1,1,1,1,1,1,1,1,1,1,1,1,1,1,1,1,1,1,1,1,1,1,1,1,1,1,1,1,1,1,1,1,1,1,1,1,1,1,1,0,0,0,0,0,0,0,0,0,0,0,0,0,0,0,0,0,0,0,0,0,0,0,0,0,0,0,0,0,0,0,0,0,0,0
PARAM_HL6=0
PARAM_HL7=0
PARAM_Hand R1=0
PARAM_Hand R2=0
PARAM_Hand R3=0
PARAM_HR4=1,1,1,1,1,1,1,1,1,1,1,1,1,1,1,1,1,1,1,1,1,1,1,1,1,1,1,1,1,1,1,0.27,0,0,0,0,0,0,0,0,0,0,0,0,0,0,0,0,0,0,0,0,0,0,0,0,0,0,0,0,0,0,0,0,0,0,0,0,0,0,0,0,0,0,0,0,0,0,0,0,0,0,0,0,0,0,0,0,0,0,1,1,1,1,1,1,1,1,1,1,1,1,1,1,1,1,1,1,1,1,1,1,1,1,1,1,1,1,1,1,1,1,1,1,1
PARAM_HR5=0,0,0,0,0,0,0,0,0,0,0,0,0,0,0,0,0,0,0,0,0,0,0,0,0,0,0,0,0,0,0,0.73,1,1,1,1,1,1,1,1,1,1,1,1,1,1,1,1,1,1,1,1,1,1,1,1,1,1,1,1,1,1,1,1,1,1,1,1,1,1,1,1,1,1,1,1,1,1,1,1,1,1,1,1,1,1,1,1,1,1,0,0,0,0,0,0,0,0,0,0,0,0,0,0,0,0,0,0,0,0,0,0,0,0,0,0,0,0,0,0,0,0,0,0,0
PARAM_HR6=0
PARAM_HR7=0
PARAM_suprise=0
PARAM_mouth=0
PARAM_FXmouth=0,0,0,0,0,0,0,0,0,0,0,0,0,0,0,0,0,0,0,0,0,0,0,0,0,0,0,0,0,0,0,0.73,1,1,1,1,1,1,1,1,1,1,1,1,1,1,1,1,1,1,1,1,1,1,1,1,1,1,1,1,1,1,1,1,1,1,1,1,1,1,1,1,1,1,1,1,1,1,1,1,1,1,1,1,1,1,1,1,1,1,0,0,0,0,0,0,0,0,0,0,0,0,0,0,0,0,0,0,0,0,0,0,0,0,0,0,0,0,0,0,0,0,0,0,0
PARAM_shoutao=1,1,1,1,1,1,1,1,1,1,1,1,1,1,1,1,1,1,1,1,1,1,1,1,1,1,1,1,1,1,1,0.27,0,0,0,0,0,0,0,0,0,0,0,0,0,0,0,0,0,0,0,0,0,0,0,0,0,0,0,0,0,0,0,0,0,0,0,0,0,0,0,0,0,0,0,0,0,0,0,0,0,0,0,0,0,0,0,0,0,0,1,1,1,1,1,1,1,1,1,1,1,1,1,1,1,1,1,1,1,1,1,1,1,1,1,1,1,1,1,1,1,1,1,1,1
PARAM_shoutao2=0
PARAM_shoutao3=0,0,0,0,0,0,0,0,0,0,0,0,0,0,0,0,0,0,0,0,0,0,0,0,0,0,0,0,0,0,0,0.73,1,1,1,1,1,1,1,1,1,1,1,1,1,1,1,1,1,1,1,1,1,1,1,1,1,1,1,1,1,1,1,1,1,1,1,1,1,1,1,1,1,1,1,1,1,1,1,1,1,1,1,1,1,1,1,1,1,1,0,0,0,0,0,0,0,0,0,0,0,0,0,0,0,0,0,0,0,0,0,0,0,0,0,0,0,0,0,0,0,0,0,0,0
PARAM_moveX=0,0,0,0,0,0,0,0,0,0,0,0,0,0,0,0,0,0,0,0,0,0,0,0,0,0,0,0,0,0,0,-15,-14.48,-13.13,-11.18,-8.94,-6.62,-4.46,-2.61,-1.2,-0.31,0,-0.013,-0.04,-0.08,-0.11,-0.15,-0.17,-0.193,-0.2,-0.2,-0.2,-0.2,-0.2,-0.2,-0.2,-0.2,-0.2,-0.2,-0.2,-0.2,-0.2,-0.2,-0.2,-0.2,-0.2,-0.2,-0.2,-0.193,-0.175,-0.15,-0.12,-0.08,-0.05,-0.03,-0.007,0,-0.3,-1.1,-2.31,-3.82,-5.5,-7.28,-9.03,-10.66,-12.11,-13.32,-14.24,-14.8,-15,0,0,0,0,0,0,0,0,0,0,0,0,0,0,0,0,0,0,0,0,0,0,0,0,0,0,0,0,0,0,0,0,0,0,0
PARAM_moveY=0,0.013,0.05,0.1,0.18,0.26,0.35,0.45,0.55,0.65,0.74,0.82,0.9,0.95,0.99,1,1.06,1.078,0.94,0.61,0,-1.84,-4.96,-9,-13.38,-17.8,-21.84,-25.25,-27.82,-29.44,-30,-30,-29.09,-26.7,-23.24,-19.3,-15.2,-11.38,-8.12,-5.62,-4.05,-3.5,-3.53,-3.6,-3.69,-3.78,-3.87,-3.94,-3.98,-4,-4,-4,-4,-4,-4,-4,-4,-4,-4,-4,-4,-4,-4,-4,-4,-4,-4,-4,-3.983,-3.94,-3.87,-3.79,-3.71,-3.63,-3.56,-3.52,-3.5,-4.03,-5.45,-7.58,-10.26,-13.22,-16.36,-19.45,-22.34,-24.89,-27.04,-28.65,-29.66,-30,-30,-28.93,-26.14,-22.1,-17.48,-12.69,-8.22,-4.4,-1.48,0.35,1,0.97,0.89,0.78,0.65,0.52,0.39,0.26,0.16,0.07,0.02,0,0,0,0,0,0,0,0,0,0,0,0,0,0
PARAM_bodyS=0,0,0,0,0,0,0,0,0,0,0,0,0,0,0,0,0,0,0,0,0,0,0,0,0,0,0,0,0,0,0,0,9,9,9,9,9,9,9,9,9,9,9,9,9,9,9,9,9,9,9,9,9,9,9,9,9,9,9,9,9,9,9,9,9,9,9,9,9,9,9,9,9,9,9,9,9,9,9,9,9,9,9,9,9,9,9,9,9,9,0,0,0,0,0,0,0,0,0,0,0,0,0,0,0,0,0,0,0,0,0,0,0,0,0,0,0,0,0,0,0,0,0,0,0
PARAM_shangxia=0,0,0,0,0,0,0,0,0,0,0,0,0,0,0.07,0.21,0.38,0.57,0.73,0.87,0.97,1,1,1,1,1,1,1,1,1,1,1,1,0.97,0.87,0.74,0.58,0.42,0.26,0.13,0.03,0,0.05,0.16,0.3,0.43,0.54,0.61,0.63,0.52,0.34,0.17,0.05,0,0,0,0,0,0,0,0,0,0,0,0,0,0,0,0,0,0,0,0,0,0,0,0,0.26,0.74,1,1,1,1,1,1,1,1,1,1,1,0,0.03,0.11,0.22,0.35,0.48,0.61,0.74,0.84,0.93,0.98,1,0.93,0.75,0.53,0.32,0.15,0.04,0,0.013,0.05,0.09,0.15,0.21,0.26,0.31,0.34,0.36,0.37,0.34,0.27,0.19,0.1,0.03,0
VISIBLE:PARTS_01_FACE_001=1
VISIBLE:PARTS_01_EYE_001=1
VISIBLE:PARTS_01_EYE_BALL_001=1
VISIBLE:PARTS_01_BROW_001=1
VISIBLE:PARTS_01_MOUTH_001=1
VISIBLE:PARTS_01_NOSE_001=1
VISIBLE:PARTS_01_EAR_001=1
VISIBLE:PARTS_01_HAIR_FRONT_001=1
VISIBLE:PARTS_01_HAIR_SIDE_001=1
VISIBLE:PARTS_01_HAIR_BACK_001=1
VISIBLE:PARTS_01_NECK=0
VISIBLE:PARTS_01_BODY=1
VISIBLE:PARTS_01_SKETCH=0
VISIBLE:PARTS_FX=0