# Live2D Animator Motion Data
$fps=30

$fadein=1000

$fadeout=1000

PARAM_ANGLE_X=0,0,0,0,0,0,0,0,0,0,0,-0.17,-0.63,-1.3,-2.09,-2.91,-3.7,-4.37,-4.83,-5,-4.66,-3.73,-2.4,-0.82,0.82,2.4,3.73,4.66,5,4.66,3.73,2.4,0.82,-0.82,-2.4,-3.73,-4.66,-5,-4.66,-3.73,-2.4,-0.82,0.82,2.4,3.73,4.66,5,5,5,5,5,4.94,4.76,4.48,4.13,3.72,3.27,2.8,2.32,1.86,1.42,1.02,0.67,0.39,0.18,0.04,0,0,0,0,0,0,0,0,0,0,0,0,0,0,0
PARAM_ANGLE_Y=0,0.89,2.32,3.66,4.62,5,4.11,2.68,1.34,0.38,0,0,0,0,0,0,0,0,0,0,0,0,0,0,0,0,0,0,0,0,0,0,0,0,0,0,0,0,0,0,0,0,0,0,0,0,0,0,0,0,0,0,0,0,0,0,0,0,0,0,0,0,0,0,0,0,0,0,0,0,0,0,0,0,0,0,0,0,0,0,0
PARAM_ANGLE_Z=0,0,0,0,0,0,0,0,0,0,0,-0.15,-0.58,-1.25,-2.1,-3.12,-4.23,-5.4,-6.6,-7.77,-8.88,-9.9,-10.75,-11.42,-11.85,-12,-11.62,-10.63,-9.18,-7.39,-5.4,-3.31,-1.21,0.84,2.75,4.47,5.9,7.02,7.75,8,7.74,7.1,6.22,5.2,4.14,3.09,2.1,1.27,0.59,0.16,0,0,0,0,0,0,0,0,0,0,0,0,0,0,0,0,0,0,0,0,0,0,0,0,0,0,0,0,0,0,0
PARAM_BROW_L_Y=0
PARAM_BROW_R_Y=0
PARAM_BROW_L_X=0
PARAM_BROW_R_X=0
PARAM_eyebrow Change=0
PARAM_eyebrow2 Rotate=0
PARAM_EYE_L_OPEN=1
PARAM_EYE_R_OPEN=1
PARAM_Smile eye=0
PARAM_Angry eye=0
PARAM_EYE_BALL_X=0
PARAM_EYE_BALL_Y=0
PARAM_MOUTH_FORM=0
PARAM_MOUTH_OPEN_Y=0,0,0,0,0,1,1,1,1,1,1,1,1,1,1,1,1,1,1,1,1,1,1,1,1,1,1,1,1,1,1,1,1,1,1,1,1,1,1,1,1,1,1,1,1,1,1,1,1,1,1,0.987,0.95,0.9,0.83,0.74,0.65,0.56,0.46,0.37,0.28,0.2,0.13,0.08,0.04,0.01,0,0,0,0,0,0,0,0,0,0,0,0,0,0,0
PARAM_Mouth=0,0,0,0,0,1,1,1,1,1,1,1,1,1,1,1,1,1,1,1,1,1,1,1,1,1,1,1,1,1,1,1,1,1,1,1,1,1,1,1,1,1,1,1,1,1,1,1,1,1,1,0.987,0.95,0.9,0.83,0.74,0.65,0.56,0.46,0.37,0.28,0.2,0.13,0.08,0.04,0.01,0,0,0,0,0,0,0,0,0,0,0,0,0,0,0
PARAM_Mouth Angle=0
PARAM_CHEEK=1
PARAM_BODY_ANGLE_X=0,-0.1,-0.37,-0.76,-1.21,-1.68,-2.11,-2.48,-2.76,-2.94,-3,-2.95,-2.79,-2.55,-2.24,-1.87,-1.45,-0.99,-0.5,0,0.5,0.99,1.45,1.87,2.24,2.55,2.79,2.95,3,2.98,2.92,2.83,2.72,2.57,2.41,2.23,2.04,1.84,1.63,1.42,1.22,1.02,0.83,0.65,0.5,0.35,0.23,0.13,0.06,0.02,0,0,0,0,0,0,0,0,0,0,0,0,0,0,0,0,0,0,0,0,0,0,0,0,0,0,0,0,0,0,0
PARAM_BODY_ANGLE_Z=0
PARAM_BREATH=0,0.16,0.4,0.64,0.8,0.87,0.76,0.57,0.4,0.28,0.23,0.234,0.245,0.263,0.29,0.31,0.35,0.38,0.41,0.45,0.49,0.52,0.55,0.58,0.61,0.64,0.654,0.668,0.677,0.68,0.679,0.675,0.668,0.659,0.648,0.634,0.618,0.601,0.581,0.56,0.54,0.51,0.48,0.46,0.43,0.4,0.37,0.33,0.3,0.27,0.23,0.19,0.16,0.13,0.11,0.09,0.069,0.053,0.04,0.029,0.02,0.013,0.008,0.004,0.002,0,0,0,0,0,0,0,0,0,0,0,0,0,0,0,0
PARAM_Bust Angle X=0
PARAM_Bust Angle Y=0
PARAM_Arm LT Angle=0,0.03,0.12,0.25,0.4,0.56,0.7,0.83,0.92,0.98,1,1,1,1,1,1,1,1,1,1,1,1,1,1,1,1,1,1,1,1,1,1,1,1,1,1,1,1,1,1,1,1,1,1,1,1,1,1,1,1,1,0.987,0.95,0.9,0.83,0.74,0.65,0.56,0.46,0.37,0.28,0.2,0.13,0.08,0.04,0.01,0,0,0,0,0,0,0,0,0,0,0,0,0,0,0
PARAM_Arm RT Angle=0,0,0,0,0,0,0.67,1.88,3.23,4.57,5.8,6.75,7.07,7.1,6.76,6.14,5.8,6.14,6.76,7.1,6.76,6.14,5.8,6.14,6.76,7.1,6.76,6.14,5.8,6.14,6.76,7.1,6.76,6.14,5.8,6.14,6.76,7.1,6.76,6.14,5.8,6.14,6.76,7.1,6.76,6.14,5.8,6.11,6.63,6.98,7.1,7.01,6.76,6.37,5.86,5.28,4.64,3.98,3.3,2.64,2.02,1.45,0.96,0.55,0.25,0.06,0,0,0,0,0,0,0,0,0,0,0,0,0,0,0
PARAM_Arm LB Agle=0,0.021,0.08,0.16,0.26,0.36,0.46,0.56,0.64,0.7,0.75,0.78,0.775,0.77,0.765,0.755,0.75,0.755,0.765,0.77,0.765,0.755,0.75,0.755,0.765,0.77,0.765,0.755,0.75,0.755,0.765,0.77,0.765,0.755,0.75,0.755,0.765,0.77,0.765,0.755,0.75,0.755,0.765,0.77,0.765,0.755,0.75,0.755,0.763,0.768,0.77,0.76,0.73,0.69,0.64,0.57,0.5,0.43,0.36,0.29,0.22,0.16,0.1,0.06,0.03,0.01,0,0,0,0,0,0,0,0,0,0,0,0,0,0,0
PARAM_Arm RB Agle=0
PARAM_Arm L hand=0
PARAM_Arm R hand=0
PARAM_Hair Twist L=0
PARAM_Hair Twist R=0
PARAM_Hairfront_vive=0,0,0,0,0,0,0,0,0,0,0,0,0,-0.05,-0.15,-0.3,-0.45,-0.55,-0.6,-0.4,-0.08,0.22,0.44,0.52,0.43,0.22,-0.04,-0.29,-0.49,-0.62,-0.66,-0.59,-0.43,-0.23,-0.02,0.17,0.33,0.43,0.47,0.4,0.23,0.01,-0.22,-0.39,-0.46,-0.43,-0.34,-0.21,-0.05,0.11,0.27,0.4,0.49,0.52,0.52,0.52,0.519,0.517,0.514,0.509,0.503,0.494,0.484,0.471,0.456,0.439,0.42,0.35,0.23,0.1,-0.04,-0.16,-0.26,-0.33,-0.35,-0.32,-0.26,-0.18,-0.09,-0.03,0
PARAM_Hand L1=0
PARAM_Hand L2=0
PARAM_Hand L3=1
PARAM_HL4=0
PARAM_HL5=0
PARAM_HL6=0
PARAM_HL7=0
PARAM_Hand_L8=0
PARAM_Hand_L9=0
PARAM_Hand R1=0
PARAM_Hand R2=0
PARAM_Hand R3=1
PARAM_HR4=0
PARAM_HR5=0
PARAM_HR6=0
PARAM_HR7=0
PARAM_Hand_R8=0
PARAM_Hand_R9=0
PARAM_moveX=0
PARAM_moveY=0,0,0,0,0,0,-0.36,-0.93,-1.46,-1.85,-2,-2,-2,-2,-2,-2,-2,-2,-2,-2,-2,-2,-2,-2,-2,-2,-2,-2,-2,-2,-2,-2,-2,-2,-2,-2,-2,-2,-2,-2,-2,-2,-2,-2,-2,-2,-2,-2,-2,-2,-2,-1.97,-1.9,-1.79,-1.65,-1.49,-1.31,-1.12,-0.93,-0.74,-0.57,-0.41,-0.27,-0.16,-0.07,-0.02,0,0,0,0,0,0,0,0,0,0,0,0,0,0,0
PARAM_bodyS=0,0,0,0,0,0,-0.54,-1.39,-2.2,-2.77,-3,-3,-3,-3,-3,-3,-3,-3,-3,-3,-3,-3,-3,-3,-3,-3,-3,-3,-3,-3,-3,-3,-3,-3,-3,-3,-3,-3,-3,-3,-3,-3,-3,-3,-3,-3,-3,-3,-3,-3,-3,-2.96,-2.86,-2.69,-2.48,-2.23,-1.96,-1.68,-1.39,-1.12,-0.85,-0.61,-0.4,-0.23,-0.11,-0.03,0,0,0,0,0,0,0,0,0,0,0,0,0,0,0
PARAM_shangxia=0
PARAM_eyeFX=0,0,0,0,0,1,1,1,1,1,1,1,1,1,1,1,1,1,1,1,1,1,1,1,1,1,1,1,1,1,1,1,1,1,1,1,1,1,1,1,1,1,1,1,1,1,1,1,1,1,1,0,0,0,0,0,0,0,0,0,0,0,0,0,0,0,0,0,0,0,0,0,0,0,0,0,0,0,0,0,0
PARAM_deng_moveX=0
PARAM_deng_moveY=46
PARAM_deng_qiehuan=0
PARAM_dengguang=0
PARAM_arm_LFX=0,0,0,0,0,0,0,0,0,0,1,1,1,1,1,1,1,1,1,1,1,1,1,1,1,1,1,1,1,1,1,1,1,1,1,1,1,1,1,1,1,1,1,1,1,1,1,1,1,1,1,0,0,0,0,0,0,0,0,0,0,0,0,0,0,0,0,0,0,0,0,0,0,0,0,0,0,0,0,0,0
PARAM_ear_FX=0,0,0,0,0,1,1,1,1,1,1,1,1,1,1,1,1,1,1,1,1,1,1,1,1,1,1,1,1,1,1,1,1,1,1,1,1,1,1,1,1,1,1,1,1,1,1,1,1,1,1,0,0,0,0,0,0,0,0,0,0,0,0,0,0,0,0,0,0,0,0,0,0,0,0,0,0,0,0,0,0
PARAM_hand_FX=0
PARAM_face_FX=0
PARAM_beixin_FX=0
PARAM_dengguang_FX=0
PARAM_handFX_move=0
PARAM_handFX_moveY=0
PARAM_handFX_moveZ=0
PARAM_ALL_moveZ=0
PARAM_dengxianshi=1